keyframes:
  - num_keyframes: 27
  - data:
      timestamp_sec: 1755115476.9439523
      timestamp_nanosec: 1755115476943952107
      detection_cycle: 0
      se3: "3.000982\t-0.042303\t0.684744\t-0.630097\t0.099990\t0.672463"
      rep_error: 0.076863457472938754
      cal_qual: 0.48255416097463405
      se3_cov:
        - [6.49278e-06, 2.21691e-06, -2.62416e-06, -5.17253e-07, -2.43485e-07, 1.51891e-06]
        - [2.21691e-06, 8.97048e-07, -1.04512e-06, -2.07271e-07, 3.59892e-08, 2.49633e-07]
        - [-2.62416e-06, -1.04512e-06, 1.29026e-05, 5.62184e-07, -8.70542e-08, -3.23056e-06]
        - [-5.17253e-07, -2.07271e-07, 5.62184e-07, 4.49505e-07, -1.84086e-08, 1.89153e-07]
        - [-2.43485e-07, 3.59892e-08, -8.70542e-08, -1.84086e-08, 9.39027e-07, -3.5277e-06]
        - [1.51891e-06, 2.49633e-07, -3.23056e-06, 1.89153e-07, -3.5277e-06, 2.11183e-05]
      target:
        - x: 59.067548695332597
          y: 378.42282249173098
          m00: 4535
          m10: 267871.33333333331
          m01: 1716147.5
          m20: 17333219.5
          m11: 101174722.5
          m02: 651227939.66666663
          Kxx: 0.014470810940592592
          Kxy: -0.001174840388559518
          Kyy: 0.010082843332729798
          n: 220
        - x: 156.43815185648728
          y: 377.14090529828951
          m00: 4794
          m10: 749964.5
          m01: 1808013.5
          m20: 119089327.5
          m11: 282694257
          m02: 683782474.16666663
          Kxx: 0.014904110001188204
          Kxy: -0.00068983240076540061
          Kyy: 0.008852203911525686
          n: 222
        - x: 257.12112811034672
          y: 377.33969949002295
          m00: 4869.5
          m10: 1252051.3333333333
          m01: 1837455.6666666667
          m20: 323796773.75
          m11: 472364604.375
          m02: 695255344.41666663
          Kxx: 0.015596218831577068
          Kxy: -0.00045275733219460139
          Kyy: 0.0085894119656043082
          n: 223
        - x: 359.01588798100425
          y: 378.9989524408129
          m00: 4773
          m10: 1713582.8333333333
          m01: 1808962
          m20: 617013678.66666663
          m11: 649437369.66666663
          m02: 687410906.83333337
          Kxx: 0.015789888851622993
          Kxy: -0.00012463583121563696
          Kyy: 0.0085297868427539336
          n: 222
        - x: 52.156154611242584
          y: 484.39277017525808
          m00: 4859.5
          m10: 253452.83333333334
          m01: 2353906.6666666665
          m20: 14896317.916666666
          m11: 122650494.875
          m02: 1142330066.0833333
          Kxx: 0.014346629400295663
          Kxy: -0.00087123677321621952
          Kyy: 0.0098286547026669308
          n: 225
        - x: 151.08917697898252
          y: 483.03034767236301
          m00: 5091
          m10: 769195
          m01: 2459107.5
          m20: 118138552.83333333
          m11: 371455064.58333331
          m02: 1190042112
          Kxx: 0.014889529523032038
          Kxy: -0.00071059896204934709
          Kyy: 0.0094340264444366436
          n: 228
        - x: 253.50909442724458
          y: 482.4249226006192
          m00: 5168
          m10: 1310135
          m01: 2493172
          m20: 334169963.66666669
          m11: 632000008.33333337
          m02: 1204985205.3333333
          Kxx: 0.015370641648452277
          Kxy: -0.00040328613225614558
          Kyy: 0.0089790356297628389
          n: 230
        - x: 357.2682600319979
          y: 482.54781728540178
          m00: 5104.5
          m10: 1823675.8333333333
          m01: 2463165.3333333335
          m20: 653573041.08333337
          m11: 880011921.04166663
          m02: 1190711773.5833333
          Kxx: 0.016415458760372197
          Kxy: -1.8467962432386009e-05
          Kyy: 0.0092590784628599782
          n: 229
        - x: 50.055133839392731
          y: 593.84342122785984
          m00: 5006
          m10: 250576
          m01: 2972780.1666666665
          m20: 14285901
          m11: 148790636.08333334
          m02: 1767647970.5
          Kxx: 0.014135283485580357
          Kxy: -0.00027286728021144887
          Kyy: 0.010253965298516656
          n: 228
        - x: 149.90561370123692
          y: 592.60085632730727
          m00: 5255
          m10: 787754
          m01: 3114117.5
          m20: 120108148.5
          m11: 466815224.91666669
          m02: 1847820582.6666667
          Kxx: 0.014665702220630138
          Kxy: -0.00036783440122157294
          Kyy: 0.0095459364760051377
          n: 234
        - x: 253.39509638779711
          y: 591.11669474078235
          m00: 5343
          m10: 1353890
          m01: 3158336.5
          m20: 345228199.5
          m11: 800313749.08333337
          m02: 1869336314
          Kxx: 0.015595364693485917
          Kxy: -0.00020087332791893388
          Kyy: 0.0097403390327374731
          n: 234
        - x: 358.2094316960617
          y: 589.66337948037176
          m00: 5273
          m10: 1888838.3333333333
          m01: 3109295
          m20: 678732214.16666663
          m11: 1113798228.5
          m02: 1835733770.5
          Kxx: 0.01615018229527199
          Kxy: -0.00033181862100744143
          Kyy: 0.0095291122903578343
          n: 232
  - data:
      timestamp_sec: 1755115477.144007
      timestamp_nanosec: 1755115477144006883
      detection_cycle: 0
      se3: "3.023933\t-0.035738\t0.572813\t-0.569794\t0.098948\t0.716724"
      rep_error: 0.098236277584988388
      cal_qual: 0.47733656504918315
      se3_cov:
        - [5.51364e-06, 1.56861e-06, -1.69579e-06, -2.19282e-07, -4.41259e-07, 1.99146e-06]
        - [1.56861e-06, 5.81493e-07, -8.01768e-07, -8.72562e-08, -2.64166e-08, 4.18436e-07]
        - [-1.69579e-06, -8.01768e-07, 1.05067e-05, 1.36385e-07, 1.25143e-07, -3.64936e-06]
        - [-2.19282e-07, -8.72562e-08, 1.36385e-07, 3.936e-07, 1.98275e-08, 1.02267e-07]
        - [-4.41259e-07, -2.64166e-08, 1.25143e-07, 1.98275e-08, 9.57225e-07, -3.64416e-06]
        - [1.99146e-06, 4.18436e-07, -3.64936e-06, 1.02267e-07, -3.64416e-06, 2.18028e-05]
      target:
        - x: 141.01065860069858
          y: 378.78358719527563
          m00: 4628.5
          m10: 652667.83333333337
          m01: 1753199.8333333333
          m20: 93650723.75
          m11: 247040387.20833334
          m02: 665900451.41666663
          Kxx: 0.014169077062545903
          Kxy: -0.00087939249187461721
          Kyy: 0.0089952596046817719
          n: 219
        - x: 240.12694148844577
          y: 377.5094190171161
          m00: 4839.5
          m10: 1162094.3333333333
          m01: 1826956.8333333333
          m20: 280890018.41666669
          m11: 438569102.29166669
          m02: 691591308.25
          Kxx: 0.014336021001709992
          Kxy: -0.00050739536811551464
          Kyy: 0.0080939809160747792
          n: 223
        - x: 342.34297352342156
          y: 377.59236252545827
          m00: 4910
          m10: 1680904
          m01: 1853978.5
          m20: 577375708.66666663
          m11: 634634553.16666663
          m02: 701957484.83333337
          Kxx: 0.014540511034502874
          Kxy: -0.00018157325772798891
          Kyy: 0.0078732263360516523
          n: 224
        - x: 445.24444905582072
          y: 379.25887113509026
          m00: 4819
          m10: 2145633
          m01: 1827648.5
          m20: 957213206.5
          m11: 813757417.75
          m02: 694967000.66666663
          Kxx: 0.015006980504844834
          Kxy: -1.2359467907102109e-05
          Kyy: 0.0086123468725603971
          n: 222
        - x: 134.83087662227643
          y: 484.00237199688246
          m00: 4918.5
          m10: 663165.66666666663
          m01: 2380565.6666666665
          m20: 91183915.583333328
          m11: 320859145.20833331
          m02: 1154302794.5833333
          Kxx: 0.013714457819186159
          Kxy: -0.00056669705616374944
          Kyy: 0.0097463298453561442
          n: 225
        - x: 235.55012786895858
          y: 482.74400310770125
          m00: 5148.5
          m10: 1212729.8333333333
          m01: 2485407.5
          m20: 287671605.08333331
          m11: 585356238.45833337
          m02: 1202029780.4166667
          Kxx: 0.013808916867316447
          Kxy: -0.00043424139193566809
          Kyy: 0.0084765903809004353
          n: 231
        - x: 339.4520940906483
          y: 482.15595716198123
          m00: 5229
          m10: 1774995
          m01: 2521193.5
          m20: 604662889.16666663
          m11: 855790401.58333337
          m02: 1217824803.6666667
          Kxx: 0.014561859325145766
          Kxy: -0.00012058159771028226
          Kyy: 0.0086657771876043725
          n: 232
        - x: 444.1806168841789
          y: 482.41324044091186
          m00: 5095.5
          m10: 2263322.3333333335
          m01: 2458136.6666666665
          m20: 1007356676.0833334
          m11: 1091870133.7083333
          m02: 1187938468.4166667
          Kxx: 0.01477438476574033
          Kxy: 1.9570492899051599e-05
          Kyy: 0.0083515837957301737
          n: 233
        - x: 132.88276655166749
          y: 592.80006571381637
          m00: 5072.5
          m10: 674047.83333333337
          m01: 3006978.3333333335
          m20: 91417012.416666672
          m11: 399564171.54166669
          m02: 1784806583.9166667
          Kxx: 0.013711393998881482
          Kxy: -0.00040648926704771099
          Kyy: 0.010018185205026078
          n: 229
        - x: 234.52558314522196
          y: 591.62982819162278
          m00: 5316
          m10: 1246738
          m01: 3145104.1666666665
          m20: 294497652.66666669
          m11: 737601309.91666663
          m02: 1863139701.1666667
          Kxx: 0.013755541444878328
          Kxy: -0.00035218468355190639
          Kyy: 0.0087450739401285279
          n: 234
        - x: 339.5248378127896
          y: 590.34229224590672
          m00: 5395
          m10: 1831736.5
          m01: 3184896.6666666665
          m20: 624157079
          m11: 1081364848.6666667
          m02: 1882578004.8333333
          Kxx: 0.014529074985940145
          Kxy: 0.00012381045965673783
          Kyy: 0.0090540545897705178
          n: 236
        - x: 445.39745398676826
          y: 589.16756027968518
          m00: 5315.5
          m10: 2367510.1666666665
          m01: 3131720.1666666665
          m20: 1056681478.9166666
          m11: 1394879716.125
          m02: 1847408106.5833333
          Kxx: 0.015214113508801315
          Kxy: 1.0429981650238747e-05
          Kyy: 0.0092125563280200887
          n: 233
  - data:
      timestamp_sec: 1755115477.3440616
      timestamp_nanosec: 1755115477344061381
      detection_cycle: 0
      se3: "3.039350\t-0.030378\t0.463918\t-0.505948\t0.098045\t0.754645"
      rep_error: 0.0506268783167182
      cal_qual: 0.48771450437881597
      se3_cov:
        - [5.15383e-06, 1.18917e-06, -1.33756e-06, -1.13805e-07, -5.19297e-07, 2.08357e-06]
        - [1.18917e-06, 4.10778e-07, -7.47277e-07, -4.65536e-08, -5.40891e-08, 4.61339e-07]
        - [-1.33756e-06, -7.47277e-07, 1.02613e-05, 2.19222e-08, 4.40502e-07, -4.13116e-06]
        - [-1.13805e-07, -4.65536e-08, 2.19222e-08, 3.99894e-07, 3.76553e-08, 7.04667e-08]
        - [-5.19297e-07, -5.40891e-08, 4.40502e-07, 3.76553e-08, 9.74043e-07, -3.72035e-06]
        - [2.08357e-06, 4.61339e-07, -4.13116e-06, 7.04667e-08, -3.72035e-06, 2.20925e-05]
      target:
        - x: 224.11467693624306
          y: 379.10772357723579
          m00: 4674
          m10: 1047512
          m01: 1771949.5
          m20: 236452889
          m11: 396955656
          m02: 673564364.83333337
          Kxx: 0.014420678919164013
          Kxy: -0.00070795600296196263
          Kyy: 0.0088957342355046858
          n: 218
        - x: 324.81043543543547
          y: 377.6814086814087
          m00: 4884
          m10: 1586374.1666666667
          m01: 1844596
          m20: 517173194.5
          m11: 599030839.58333337
          m02: 698570959.66666663
          Kxx: 0.014567191062877538
          Kxy: -0.00044664580123433595
          Kyy: 0.007863172449746993
          n: 224
        - x: 428.23535806495443
          y: 377.78930561217555
          m00: 4906
          m10: 2100922.6666666665
          m01: 1853434.3333333333
          m20: 901637854.66666663
          m11: 793662842.66666663
          m02: 702092060.33333337
          Kxx: 0.014782238336087827
          Kxy: -0.0001579458925182436
          Kyy: 0.0082967568192263107
          n: 226
        - x: 531.95881117195302
          y: 379.34118538416504
          m00: 4839.5
          m10: 2574414.6666666665
          m01: 1835821.6666666667
          m20: 1371398890.0833333
          m11: 976608370.29166663
          m02: 698216317.41666663
          Kxx: 0.015421394003806526
          Kxy: 0.00020934691028546602
          Kyy: 0.0085432416301437098
          n: 223
        - x: 218.61628140703519
          y: 483.75484087102183
          m00: 4975
          m10: 1087616
          m01: 2406680.3333333335
          m20: 239618086.5
          m11: 526030925.33333331
          m02: 1166349853.1666667
          Kxx: 0.014270655680431002
          Kxy: -0.00041327445452032897
          Kyy: 0.0091802279584736763
          n: 226
        - x: 321.00317368724757
          y: 482.41758030390457
          m00: 5199
          m10: 1668895.5
          m01: 2508089
          m20: 537812211.66666663
          m11: 805033613.08333337
          m02: 1212161204.8333333
          Kxx: 0.014482850943041151
          Kxy: -0.00028661621173103354
          Kyy: 0.0087395864078132317
          n: 230
        - x: 426.17729349067378
          y: 481.933352366451
          m00: 5254
          m10: 2239135.5
          m01: 2532077.8333333335
          m20: 956442783.16666663
          m11: 1079092252.4166667
          m02: 1222513076.8333333
          Kxx: 0.014746710898204705
          Kxy: -1.865413804447385e-05
          Kyy: 0.008147641079786409
          n: 234
        - x: 531.79703242945538
          y: 482.18537596786211
          m00: 5144.5
          m10: 2735829.8333333335
          m01: 2480602.6666666665
          m20: 1457009910.4166667
          m11: 1319199765.9583333
          m02: 1198219568.25
          Kxx: 0.015468675416616411
          Kxy: 0.00022531228311019002
          Kyy: 0.0085592629772383404
          n: 231
        - x: 216.71457845433255
          y: 591.77907884465264
          m00: 5124
          m10: 1110445.5
          m01: 3032276
          m20: 242570902.5
          m11: 657123937.66666663
          m02: 1796710416.6666667
          Kxx: 0.013939201280420045
          Kxy: -6.7457557849103447e-05
          Kyy: 0.0090217236598604846
          n: 232
        - x: 320.06252526194697
          y: 590.85293660417244
          m00: 5360.5
          m10: 1715695.1666666667
          m01: 3167267.1666666665
          m20: 551318901.75
          m11: 1013718628.7083334
          m02: 1873778172.4166667
          Kxx: 0.014502483831508463
          Kxy: -0.00012100822928431777
          Kyy: 0.0090693352610428657
          n: 235
        - x: 426.36411682892907
          y: 589.78853345696177
          m00: 5392.5
          m10: 2299168.5
          m01: 3180434.6666666665
          m20: 982532297.41666663
          m11: 1356028480.2083333
          m02: 1878165129.5833333
          Kxx: 0.014626773953537118
          Kxy: -0.00013269216241407924
          Kyy: 0.0085516637626143581
          n: 239
        - x: 533.05017820296382
          y: 588.67585818795726
          m00: 5331
          m10: 2841690.5
          m01: 3138231
          m20: 1516986971.6666667
          m11: 1672855894.4166667
          m02: 1849701986.1666667
          Kxx: 0.015602328263771904
          Kxy: 0.00012638499546108306
          Kyy: 0.0087697754123395987
          n: 234
  - data:
      timestamp_sec: 1755115477.5441244
      timestamp_nanosec: 1755115477544124124
      detection_cycle: 0
      se3: "3.053713\t-0.023504\t0.350972\t-0.439939\t0.097264\t0.789345"
      rep_error: 0.047332829082239826
      cal_qual: 0.48876106880597509
      se3_cov:
        - [4.82581e-06, 8.69488e-07, -8.31396e-07, -2.05299e-08, -4.46234e-07, 1.79058e-06]
        - [8.69488e-07, 3.00533e-07, -7.13754e-07, -2.26186e-08, -4.34081e-08, 3.88346e-07]
        - [-8.31396e-07, -7.13754e-07, 1.02546e-05, -1.09319e-07, 5.35221e-07, -3.76969e-06]
        - [-2.05299e-08, -2.26186e-08, -1.09319e-07, 4.09381e-07, 2.32454e-08, 1.343e-07]
        - [-4.46234e-07, -4.34081e-08, 5.35221e-07, 2.32454e-08, 9.88347e-07, -3.71653e-06]
        - [1.79058e-06, 3.88346e-07, -3.76969e-06, 1.343e-07, -3.71653e-06, 2.19593e-05]
      target:
        - x: 308.74692727592884
          y: 379.49057932734638
          m00: 4732.5
          m10: 1461144.8333333333
          m01: 1795939.1666666667
          m20: 452891548.41666669
          m11: 554340800.29166663
          m02: 683352314.08333337
          Kxx: 0.01444873139527982
          Kxy: -0.00073481605772614342
          Kyy: 0.0089516253322579117
          n: 221
        - x: 410.71582966826907
          y: 378.00811428181788
          m00: 4888.5
          m10: 2007784.3333333333
          m01: 1847892.6666666667
          m20: 826558146.58333337
          m11: 758860206.70833337
          m02: 700398442.91666663
          Kxx: 0.014678011168878669
          Kxy: -0.0005179652798251122
          Kyy: 0.0081839945264785118
          n: 225
        - x: 515.07631578947371
          y: 378.00293522267208
          m00: 4940
          m10: 2544477
          m01: 1867334.5
          m20: 1312599935.6666667
          m11: 961800150.5
          m02: 707744067.16666663
          Kxx: 0.015038291099164446
          Kxy: -8.6056322278852426e-05
          Kyy: 0.007958238702134331
          n: 226
        - x: 619.40689989272994
          y: 379.50517318938375
          m00: 4816.5
          m10: 2983373.3333333335
          m01: 1827886.6666666667
          m20: 1849816728.5833333
          m11: 1132247174.9583333
          m02: 695492623.91666663
          Kxx: 0.015729990691566755
          Kxy: 8.5559972022697153e-05
          Kyy: 0.0082025734472284343
          n: 225
        - x: 303.94088375796179
          y: 483.48228503184714
          m00: 5024
          m10: 1526999
          m01: 2429015
          m20: 466043394.66666669
          m11: 738179161.16666663
          m02: 1176486001.3333333
          Kxx: 0.014423569802319658
          Kxy: -0.00045748783541990921
          Kyy: 0.0095451815230608219
          n: 228
        - x: 407.60986189519349
          y: 482.2647274582975
          m00: 5225.5
          m10: 2129965.3333333335
          m01: 2520074.3333333335
          m20: 870337669.41666663
          m11: 1027149496.4583334
          m02: 1217548487.4166667
          Kxx: 0.014894330469831725
          Kxy: -0.00037183007300122661
          Kyy: 0.0086917692509138889
          n: 231
        - x: 513.81785443517822
          y: 481.91091736163759
          m00: 5276
          m10: 2710903
          m01: 2542562
          m20: 1395125650.3333333
          m11: 1306401871.5
          m02: 1227503888.3333333
          Kxx: 0.014951025769536355
          Kxy: -0.00019574512607358326
          Kyy: 0.0082035581721355902
          n: 232
        - x: 619.95645849495736
          y: 482.27013835014225
          m00: 5156
          m10: 3196495.5
          m01: 2486584.8333333335
          m20: 1983810083.5
          m11: 1541610006.9166667
          m02: 1201315768.8333333
          Kxx: 0.015697589088441263
          Kxy: 5.8277308752060984e-05
          Kyy: 0.0087054341567696161
          n: 230
        - x: 302.16648896643079
          y: 590.99621983134637
          m00: 5158.5
          m10: 1558725.8333333333
          m01: 3048654
          m20: 472974100.08333331
          m11: 921185899.95833337
          m02: 1804009032.9166667
          Kxx: 0.014193849768078613
          Kxy: -0.00014335500232409809
          Kyy: 0.0089065125892749623
          n: 233
        - x: 406.89134523479169
          y: 590.28745413621937
          m00: 5405.5
          m10: 2199451.1666666665
          m01: 3190798.8333333335
          m20: 897199212.25
          m11: 1298305468.7083333
          m02: 1885879718.25
          Kxx: 0.014954168874921037
          Kxy: -0.00018972728016889641
          Kyy: 0.0089129056535688575
          n: 235
        - x: 514.14485566473809
          y: 589.48648483178738
          m00: 5444.5
          m10: 2799261.6666666665
          m01: 3209459.1666666665
          m20: 1441560455.25
          m11: 1650134218.7083333
          m02: 1894316916.0833333
          Kxx: 0.015009444786882905
          Kxy: -0.00015357917280376751
          Kyy: 0.0089835478457951038
          n: 237
        - x: 621.49624413145546
          y: 588.57840375586852
          m00: 5325
          m10: 3309467.5
          m01: 3134180
          m20: 2059041666.6666667
          m11: 1947899980.9166667
          m02: 1847004802.8333333
          Kxx: 0.015546260054497713
          Kxy: -9.7573105261883325e-05
          Kyy: 0.0086939478084010341
          n: 234
  - data:
      timestamp_sec: 1755115477.760844
      timestamp_nanosec: 1755115477760843711
      detection_cycle: 0
      se3: "3.065257\t-0.016299\t0.229102\t-0.365884\t0.096511\t0.821413"
      rep_error: 0.038276242151814514
      cal_qual: 0.49088287528589114
      se3_cov:
        - [4.92974e-06, 5.86727e-07, -1.25442e-07, 3.03561e-08, -3.03143e-07, 1.53569e-06]
        - [5.86727e-07, 2.29523e-07, -7.14413e-07, -1.09837e-08, -2.47526e-08, 2.905e-07]
        - [-1.25442e-07, -7.14413e-07, 9.90019e-06, -2.63589e-07, 4.52059e-07, -2.84414e-06]
        - [3.03561e-08, -1.09837e-08, -2.63589e-07, 4.24747e-07, -7.71302e-10, 2.05983e-07]
        - [-3.03143e-07, -2.47526e-08, 4.52059e-07, -7.71302e-10, 1.00028e-06, -3.65904e-06]
        - [1.53569e-06, 2.905e-07, -2.84414e-06, 2.05983e-07, -3.65904e-06, 2.16503e-05]
      target:
        - x: 401.33120128621857
          y: 379.69123763587436
          m00: 4768.5
          m10: 1913747.8333333333
          m01: 1810557.6666666667
          m20: 769869186.75
          m11: 726499584.625
          m02: 689259776.25
          Kxx: 0.016142729683928488
          Kxy: -0.0005697768686102816
          Kyy: 0.0091737181911367219
          n: 221
        - x: 504.56205781281585
          y: 378.13119062057814
          m00: 4947
          m10: 2496068.5
          m01: 1870615
          m20: 1261429179
          m11: 943764669.41666663
          m02: 709230341.16666663
          Kxx: 0.016255124031843305
          Kxy: -0.0003320492462811687
          Kyy: 0.0082705513659775375
          n: 226
        - x: 609.59491763760548
          y: 378.06860184813178
          m00: 4978
          m10: 3034563.5
          m01: 1882025.5
          m20: 1851902379.8333333
          m11: 1147274489.1666667
          m02: 713434012.5
          Kxx: 0.016109905775835435
          Kxy: -7.7732046287543914e-05
          Kyy: 0.0081216562555117434
          n: 226
        - x: 714.25178410586852
          y: 379.57721887341506
          m00: 4811
          m10: 3436265.3333333335
          m01: 1826146
          m20: 2456251007.5
          m11: 1304395109.5
          m02: 694959085.5
          Kxx: 0.016648645747331488
          Kxy: 0.00020760825945093529
          Kyy: 0.0086380151647518864
          n: 222
        - x: 397.39594008671662
          y: 483.23797792668506
          m00: 5074
          m10: 2016387
          m01: 2451949.5
          m20: 803302177
          m11: 974309201.33333337
          m02: 1186979911.5
          Kxx: 0.015532425484597689
          Kxy: -0.00050909453792736387
          Kyy: 0.0094930958839657877
          n: 228
        - x: 502.26250750608392
          y: 482.07259568281665
          m00: 5273.5
          m10: 2648681.3333333335
          m01: 2542209.8333333335
          m20: 1332543227.75
          m11: 1276810269.625
          m02: 1227747363.5833333
          Kxx: 0.015943100307609401
          Kxy: -0.00028619624479422684
          Kyy: 0.0086153871562762389
          n: 233
        - x: 609.18504172571249
          y: 481.78028656904422
          m00: 5292.5
          m10: 3224111.8333333335
          m01: 2549822.1666666665
          m20: 1966331743.75
          m11: 1553315029.125
          m02: 1230661772.0833333
          Kxx: 0.016218215238418855
          Kxy: -4.0546685290010462e-05
          Kyy: 0.0089109282884184647
          n: 233
        - x: 715.65915784704021
          y: 482.22879243939536
          m00: 5149.5
          m10: 3685286.8333333335
          m01: 2483237.1666666665
          m20: 2639531062.5833335
          m11: 1777197584.5416667
          m02: 1199588549.25
          Kxx: 0.016580326485368203
          Kxy: 1.437451555269732e-05
          Kyy: 0.0091976739682169562
          n: 229
        - x: 395.74841315637622
          y: 590.30986728216965
          m00: 5199
          m10: 2057496
          m01: 3069021
          m20: 816304983.16666663
          m11: 1214541011.25
          m02: 1813926445.5
          Kxx: 0.015606416733726357
          Kxy: -0.00031891873693563091
          Kyy: 0.0093767282634258826
          n: 234
        - x: 501.66412587626661
          y: 589.75115560045299
          m00: 5444.5
          m10: 2731310.3333333335
          m01: 3210900.1666666665
          m20: 1372525671.25
          m11: 1610785066.9583333
          m02: 1896025673.4166667
          Kxx: 0.015789774677617822
          Kxy: -0.00021615935890996273
          Kyy: 0.0092229109480785696
          n: 237
        - x: 609.73710979138116
          y: 589.17064108420891
          m00: 5472.5
          m10: 3336786.3333333335
          m01: 3224236.3333333335
          m20: 2036937234.5833333
          m11: 1965943471.7083333
          m02: 1902017610.5833333
          Kxx: 0.016195967561002528
          Kxy: -4.8174986146002277e-05
          Kyy: 0.009033721804408
          n: 237
        - x: 717.34686891526917
          y: 588.50417687331196
          m00: 5307
          m10: 3806959.8333333335
          m01: 3123191.6666666665
          m20: 2733116620.3333335
          m11: 2240430289.8333335
          m02: 1840289389.8333333
          Kxx: 0.01616073051941198
          Kxy: -0.00024863011424312213
          Kyy: 0.0090567839014971934
          n: 238
  - data:
      timestamp_sec: 1755115477.9608841
      timestamp_nanosec: 1755115477960883945
      detection_cycle: 0
      se3: "3.071675\t-0.009869\t0.116444\t-0.296021\t0.096136\t0.845700"
      rep_error: 0.040991946191179046
      cal_qual: 0.49009148914152201
      se3_cov:
        - [5.00865e-06, 2.86868e-07, 9.84401e-08, 4.6048e-08, -2.00192e-07, 1.42114e-06]
        - [2.86868e-07, 1.76532e-07, -7.05455e-07, -4.66026e-10, -1.63284e-08, 1.90921e-07]
        - [9.84401e-08, -7.05455e-07, 8.63233e-06, -4.13183e-07, 2.86093e-07, -1.99252e-06]
        - [4.6048e-08, -4.66026e-10, -4.13183e-07, 4.38765e-07, -1.68571e-08, 2.46096e-07]
        - [-2.00192e-07, -1.63284e-08, 2.86093e-07, -1.68571e-08, 1.00857e-06, -3.60105e-06]
        - [1.42114e-06, 1.90921e-07, -1.99252e-06, 2.46096e-07, -3.60105e-06, 2.13972e-05]
      target:
        - x: 487.06441441441444
          y: 380.02297297297298
          m00: 4810
          m10: 2342779.8333333335
          m01: 1827910.5
          m20: 1142952286.1666667
          m11: 890193729.25
          m02: 696470747.83333337
          Kxx: 0.015097834965051174
          Kxy: -0.00046788197023680151
          Kyy: 0.0080894448705223481
          n: 222
        - x: 591.05394135055155
          y: 378.41478342749531
          m00: 4956
          m10: 2929263.3333333335
          m01: 1875423.6666666667
          m20: 1733381705.3333333
          m11: 1108422233.3333333
          m02: 711572880.33333337
          Kxx: 0.015545569301456839
          Kxy: -0.00016707822442954201
          Kyy: 0.0085887988270220254
          n: 226
        - x: 696.43771585688899
          y: 378.28233242799178
          m00: 4970.5
          m10: 3461643.6666666665
          m01: 1880252.3333333333
          m20: 2412868701.9166665
          m11: 1309495999.7916667
          m02: 713152785.25
          Kxx: 0.015608466231107974
          Kxy: 0.00012674323716401891
          Kyy: 0.0084087421425648456
          n: 225
        - x: 801.07403570565282
          y: 379.72046686694983
          m00: 4826.5
          m10: 3866383.8333333335
          m01: 1832720.8333333333
          m20: 3099171495.75
          m11: 1468230283.0416667
          m02: 697723431.41666663
          Kxx: 0.015964297022519947
          Kxy: 0.00035505274329746651
          Kyy: 0.0085692825172519801
          n: 223
        - x: 483.87393604784904
          y: 483.28209931315519
          m00: 5071.5
          m10: 2453966.6666666665
          m01: 2450965.1666666665
          m20: 1189423258.4166667
          m11: 1185884523.9583333
          m02: 1186592237.9166667
          Kxx: 0.014981570787866903
          Kxy: -0.00019697543479865802
          Kyy: 0.008839463206326675
          n: 231
        - x: 589.55586011342155
          y: 482.17041587901701
          m00: 5290
          m10: 3118750.5
          m01: 2550681.5
          m20: 1840921165.1666667
          m11: 1503732446.5
          m02: 1232074683.8333333
          Kxx: 0.015291837431386016
          Kxy: -4.7521294890655753e-05
          Kyy: 0.0084124619071259746
          n: 232
        - x: 696.90212846826307
          y: 481.93982009375401
          m00: 5262
          m10: 3667099
          m01: 2535967.3333333335
          m20: 2557825674.6666665
          m11: 1767336460.75
          m02: 1224374600.6666667
          Kxx: 0.015100248675582561
          Kxy: 8.5535369545891609e-05
          Kyy: 0.0085181953725420295
          n: 234
        - x: 803.3880312004402
          y: 482.46418746156587
          m00: 5149.5
          m10: 4137046.6666666665
          m01: 2484449.3333333335
          m20: 3325768702.75
          m11: 1996037936.7083333
          m02: 1200765512.75
          Kxx: 0.015338606186706726
          Kxy: 0.00034729619282077538
          Kyy: 0.0085584676466888849
          n: 229
        - x: 482.35249952480518
          y: 590.03554457327505
          m00: 5261
          m10: 2537656.5
          m01: 3104177
          m20: 1226194056
          m11: 1497289585.0833333
          m02: 1833832857.8333333
          Kxx: 0.015235876874903628
          Kxy: -7.4679518210605362e-05
          Kyy: 0.0098393218747291119
          n: 232
        - x: 589.14266408673484
          y: 589.64504438096992
          m00: 5426.5
          m10: 3196982.6666666665
          m01: 3199708.8333333335
          m20: 1885794543.25
          m11: 1885075958.9583333
          m02: 1889064606.4166667
          Kxx: 0.015269435400167234
          Kxy: -1.5340582359528187e-05
          Kyy: 0.008745336328072336
          n: 239
        - x: 697.58423365683939
          y: 589.27073796008062
          m00: 5461
          m10: 3809507.5
          m01: 3218007.5
          m20: 2659821406.6666665
          m11: 2244840393.25
          m02: 1898655558
          Kxx: 0.01504034009343746
          Kxy: 3.598681617230789e-05
          Kyy: 0.0088786133484143655
          n: 236
        - x: 805.21749475595618
          y: 588.74881813343359
          m00: 5323.5
          m10: 4286575.333333333
          m01: 3134204.3333333335
          m20: 3453854095.4166665
          m11: 2523735786.625
          m02: 1847541918.75
          Kxx: 0.015424020816122269
          Kxy: 7.235717237228913e-05
          Kyy: 0.0090119269982772629
          n: 235
  - data:
      timestamp_sec: 1755115478.1442604
      timestamp_nanosec: 1755115478144260378
      detection_cycle: 0
      se3: "3.072609\t-0.003742\t0.013752\t-0.230166\t0.095708\t0.863094"
      rep_error: 0.029565456767510573
      cal_qual: 0.49310586784341276
      se3_cov:
        - [5.16121e-06, 3.07345e-08, -7.48298e-08, 3.80109e-08, -1.57867e-07, 1.42505e-06]
        - [3.07345e-08, 1.61901e-07, -7.17937e-07, 5.21791e-09, -1.67212e-08, 1.05224e-07]
        - [-7.48298e-08, -7.17937e-07, 8.35898e-06, -5.13288e-07, 1.04039e-07, -1.44438e-06]
        - [3.80109e-08, 5.21791e-09, -5.13288e-07, 4.51193e-07, -2.4328e-08, 2.56903e-07]
        - [-1.57867e-07, -1.67212e-08, 1.04039e-07, -2.4328e-08, 1.01431e-06, -3.55907e-06]
        - [1.42505e-06, 1.05224e-07, -1.44438e-06, 2.56903e-07, -3.55907e-06, 2.12142e-05]
      target:
        - x: 566.63507681684791
          y: 380.16941135853614
          m00: 4827.5
          m10: 2735430.8333333335
          m01: 1835267.8333333333
          m20: 1551891273.5833333
          m11: 1039826623.625
          m02: 699528444.91666663
          Kxx: 0.015716066323313016
          Kxy: -0.00043110370316422011
          Kyy: 0.0086015990129677464
          n: 223
        - x: 671.15927833316505
          y: 378.52613686088392
          m00: 4951.5
          m10: 3323245.1666666665
          m01: 1874272.1666666667
          m20: 2232460887.5833335
          m11: 1257897629.2916667
          m02: 711333583.25
          Kxx: 0.015870409193656385
          Kxy: -6.3746080323163833e-05
          Kyy: 0.0088475517156752295
          n: 225
        - x: 776.68768889784405
          y: 378.40409026798307
          m00: 4963
          m10: 3854701
          m01: 1878019.5
          m20: 2995945364.5
          m11: 1458672788.9166667
          m02: 712528781.33333337
          Kxx: 0.01585948572308488
          Kxy: 0.0001878679558466443
          Kyy: 0.0088962041868396267
          n: 226
        - x: 881.10838360723949
          y: 379.74103737604884
          m00: 4807
          m10: 4235488
          m01: 1825415.1666666667
          m20: 3733809221.1666665
          m11: 1608489512.5
          m02: 694984473
          Kxx: 0.015688559252902481
          Kxy: 0.00046932493410992832
          Kyy: 0.0086081405527973134
          n: 222
        - x: 564.11961147386546
          y: 483.112497157522
          m00: 5130.5
          m10: 2894215.6666666665
          m01: 2478608.6666666665
          m20: 1634771701.9166667
          m11: 1398167795.7083333
          m02: 1199550771.9166667
          Kxx: 0.015548277989284874
          Kxy: -0.00026350031219932055
          Kyy: 0.0094385299898672396
          n: 229
        - x: 670.39398240136245
          y: 482.19333270255777
          m00: 5284.5
          m10: 3542697
          m01: 2548150.6666666665
          m20: 2377245440.9166665
          m11: 1708238944.125
          m02: 1230904184.5833333
          Kxx: 0.015112340665558492
          Kxy: -6.0218824822243511e-05
          Kyy: 0.0084885006845412791
          n: 233
        - x: 777.88335220838053
          y: 481.99896187240466
          m00: 5298
          m10: 4121226
          m01: 2553630.5
          m20: 3208085394
          m11: 1986453257.1666667
          m02: 1233063211.1666667
          Kxx: 0.015226373330663677
          Kxy: 6.1348892494272615e-05
          Kyy: 0.0082673620238783614
          n: 234
        - x: 884.0808966861598
          y: 482.56218323586745
          m00: 5130
          m10: 4535335
          m01: 2475544
          m20: 4011685820
          m11: 2188650988.1666665
          m02: 1196712473.3333333
          Kxx: 0.015467468138921817
          Kxy: 0.00036917577979216477
          Kyy: 0.0086348503884086901
          n: 230
        - x: 562.78461490136954
          y: 589.65768312602086
          m00: 5306
          m10: 2986135.1666666665
          m01: 3128723.6666666665
          m20: 1682744340.1666667
          m11: 1760779063.5
          m02: 1847165023.3333333
          Kxx: 0.015211859820181309
          Kxy: -0.0001620663148445027
          Kyy: 0.0086071559460940573
          n: 236
        - x: 670.23939087538679
          y: 589.53283083616759
          m00: 5439.5
          m10: 3645767.1666666665
          m01: 3206763.8333333335
          m20: 2445876950.25
          m11: 2149294603.875
          m02: 1892862221.5833333
          Kxx: 0.015400104901102928
          Kxy: -7.2020287282072231e-06
          Kyy: 0.008837030485610322
          n: 239
        - x: 778.72697368421052
          y: 589.32757675438597
          m00: 5472
          m10: 4261194
          m01: 3224800.5
          m20: 3320685922.6666665
          m11: 2511249124.1666665
          m02: 1902850778.5
          Kxx: 0.015789381281666594
          Kxy: 4.9946399158235503e-05
          Kyy: 0.0089883997739239659
          n: 236
        - x: 886.05902975175286
          y: 588.99403069926097
          m00: 5277
          m10: 4675733.5
          m01: 3108121.5
          m20: 4145153058
          m11: 2753998913.25
          m02: 1832921233.6666667
          Kxx: 0.015650121984764634
          Kxy: 0.00010792160828579211
          Kyy: 0.0095145673566333026
          n: 234
  - data:
      timestamp_sec: 1755115478.3443105
      timestamp_nanosec: 1755115478344310410
      detection_cycle: 0
      se3: "3.072082\t0.002807\t-0.098254\t-0.158179\t0.095297\t0.877485"
      rep_error: 0.021680981569096661
      cal_qual: 0.49468238200031872
      se3_cov:
        - [4.93742e-06, -2.60216e-07, -2.20474e-07, 2.03546e-08, -1.82821e-07, 1.34102e-06]
        - [-2.60216e-07, 1.7061e-07, -6.87151e-07, 1.24004e-08, -1.74823e-08, 9.25749e-09]
        - [-2.20474e-07, -6.87151e-07, 8.61567e-06, -6.35904e-07, -9.61937e-08, -9.2676e-07]
        - [2.03546e-08, 1.24004e-08, -6.35904e-07, 4.61015e-07, -2.82826e-08, 2.53572e-07]
        - [-1.82821e-07, -1.74823e-08, -9.61937e-08, -2.82826e-08, 1.01867e-06, -3.53688e-06]
        - [1.34102e-06, 9.25749e-09, -9.2676e-07, 2.53572e-07, -3.53688e-06, 2.09865e-05]
      target:
        - x: 652.68736012119962
          y: 380.10322625073167
          m00: 4840.5
          m10: 3159333.1666666665
          m01: 1839889.6666666667
          m20: 2063975922.4166667
          m11: 1200793929.7083333
          m02: 701163227.91666663
          Kxx: 0.015272398524443828
          Kxy: -0.00029021111276065066
          Kyy: 0.0084385838120243847
          n: 223
        - x: 757.43699902740047
          y: 378.42643458429757
          m00: 4969.5
          m10: 3764083.1666666665
          m01: 1880590.1666666667
          m20: 2853107546.5833335
          m11: 1424410885.2916667
          m02: 713548106.58333337
          Kxx: 0.01553131768047537
          Kxy: 0.00016721204718706732
          Kyy: 0.0086843835341270537
          n: 227
        - x: 862.89720163773563
          y: 378.2203837173891
          m00: 4925.5
          m10: 4250200.166666667
          m01: 1862924.5
          m20: 3669479491.25
          m11: 1607571493.4583333
          m02: 706467807.25
          Kxx: 0.015163779634331596
          Kxy: 0.00051107500092496306
          Kyy: 0.008297155782940489
          n: 227
        - x: 966.76030710980228
          y: 379.54855560229981
          m00: 4754
          m10: 4595978.5
          m01: 1804373.8333333333
          m20: 4445035208.5
          m11: 1744515069.5833333
          m02: 686627386.83333337
          Kxx: 0.01512353331475497
          Kxy: 0.00065847214021398821
          Kyy: 0.0085264324440486438
          n: 224
        - x: 650.97207066770591
          y: 482.942907248636
          m00: 5132
          m10: 3340788.6666666665
          m01: 2478463
          m20: 2176859530.6666665
          m11: 1613352248.9166667
          m02: 1199050574.3333333
          Kxx: 0.015194048442830137
          Kxy: -4.9957187862535393e-05
          Kyy: 0.0092120431123636406
          n: 230
        - x: 757.53611058867784
          y: 482.08068459657704
          m00: 5317
          m10: 4027819.5
          m01: 2563223
          m20: 3053493234.6666665
          m11: 1941716942.25
          m02: 1237906088.1666667
          Kxx: 0.014868326649735237
          Kxy: 0.00011084706200462818
          Kyy: 0.0080460711161053824
          n: 234
        - x: 864.89110753603995
