keyframes:
  - num_keyframes: 27
  - data:
      timestamp_sec: 1755110583.3971179
      timestamp_nanosec: 1755110583397117571
      detection_cycle: 0
      se3: "3.005161\t-0.032294\t0.604473\t-0.592983\t0.100746\t0.683541"
      rep_error: 0.09374073714211599
      cal_qual: 0.4782774658616144
      se3_cov:
        - [5.44613e-06, 1.69367e-06, -2.05994e-06, -2.47518e-07, -1.98195e-07, 1.11467e-06]
        - [1.69367e-06, 6.53576e-07, -9.41931e-07, -1.00434e-07, 2.36017e-08, 2.23772e-07]
        - [-2.05994e-06, -9.41931e-07, 1.09397e-05, 1.48821e-07, -1.64107e-07, -2.69857e-06]
        - [-2.47518e-07, -1.00434e-07, 1.48821e-07, 4.12684e-07, 8.63414e-09, 8.2735e-08]
        - [-1.98195e-07, 2.36017e-08, -1.64107e-07, 8.63414e-09, 9.09318e-07, -3.35843e-06]
        - [1.11467e-06, 2.23772e-07, -2.69857e-06, 8.2735e-08, -3.35843e-06, 1.96545e-05]
      target:
        - x: 79.666346051084744
          y: 365.39506964482916
          m00: 4678.5
          m10: 372719
          m01: 1709500.8333333333
          m20: 31311118.583333332
          m11: 135976477.70833334
          m02: 626547607.41666663
          Kxx: 0.014482760368422755
          Kxy: -0.0010363877237329381
          Kyy: 0.0089725396965547304
          n: 227
        - x: 179.69239046370086
          y: 364.37852651400522
          m00: 4956.5
          m10: 890645.33333333337
          m01: 1806042.1666666667
          m20: 161944342.91666666
          m11: 324374772.625
          m02: 660105796.08333337
          Kxx: 0.015830792386771906
          Kxy: -0.00037457916533224452
          Kyy: 0.0081776253160060798
          n: 225
        - x: 282.96492616033754
          y: 364.99436313291142
          m00: 5056
          m10: 1430670.6666666667
          m01: 1845411.5
          m20: 406870957
          m11: 522110858.41666669
          m02: 675595399.5
          Kxx: 0.016965758536293233
          Kxy: -0.00023478848047328929
          Kyy: 0.0082366955889924421
          n: 228
        - x: 387.44384474429449
          y: 367.13886390138265
          m00: 5002.5
          m10: 1938187.8333333333
          m01: 1836612.1666666667
          m20: 752963693.41666663
          m11: 711579585.45833337
          m02: 676250979.75
          Kxx: 0.01826322870152898
          Kxy: -3.5504413154292629e-05
          Kyy: 0.0089957640186514708
          n: 227
        - x: 72.258878904578509
          y: 472.52101642473912
          m00: 5063.5
          m10: 365882.83333333331
          m01: 2392610.1666666665
          m20: 28273537.583333332
          m11: 172748993.70833334
          m02: 1132837792.5833333
          Kxx: 0.014516081165173108
          Kxy: -0.00035205844818916843
          Kyy: 0.0088638498335087204
          n: 229
        - x: 173.81904131606316
          y: 471.75670479972268
          m00: 5288.5
          m10: 919242
          m01: 2494885.3333333335
          m20: 161873363.91666666
          m11: 433559724.45833331
          m02: 1179352616.5833333
          Kxx: 0.015183565346132674
          Kxy: -0.00030218377303301626
          Kyy: 0.0088987493534309244
          n: 233
        - x: 279.09199765453815
          y: 471.65497021880685
          m00: 5400.5
          m10: 1507236.3333333333
          m01: 2547172.6666666665
          m20: 422910275.91666669
          m11: 710846135.79166663
          m02: 1203779799.5833333
          Kxx: 0.016553298196474817
          Kxy: -0.00030513887455142937
          Kyy: 0.0089375192850672004
          n: 235
        - x: 385.24386113463169
          y: 472.27980054567695
          m00: 5314.5
          m10: 2047378.5
          m01: 2509931
          m20: 790954674.41666663
          m11: 966942416.375
          m02: 1187672238.9166667
          Kxx: 0.016870143435121297
          Kxy: -9.5015738685710999e-05
          Kyy: 0.0090949089464948864
          n: 241
        - x: 69.2305022133053
          y: 583.63539377726829
          m00: 5233.5
          m10: 362317.83333333331
          m01: 3054455.8333333335
          m20: 27005321.25
          m11: 211442299.79166666
          m02: 1785161431.25
          Kxx: 0.014754530216582021
          Kxy: 8.934666585313805e-06
          Kyy: 0.0094234774871862926
          n: 233
        - x: 171.6979367853092
          y: 583.02044820503386
          m00: 5436.5
          m10: 933435.83333333337
          m01: 3169590.6666666665
          m20: 162430348.41666666
          m11: 544211108.125
          m02: 1850497450.25
          Kxx: 0.015356197928973372
          Kxy: -3.0344431803252662e-05
          Kyy: 0.0095555924919736423
          n: 243
        - x: 278.07585527494177
          y: 582.2111469341454
          m00: 5583
          m10: 1552497.5
          m01: 3250484.8333333335
          m20: 434082770.33333331
          m11: 903893037.5
          m02: 1895065467.6666667
          Kxx: 0.015736249468341321
          Kxy: 3.7902829788759437e-05
          Kyy: 0.0091635401110235892
          n: 242
        - x: 385.87565468665343
          y: 581.46243453133468
          m00: 5537
          m10: 2136593.5
          m01: 3219557.5
          m20: 826833862.33333337
          m11: 1242369344.9166667
          m02: 1874560227.6666667
          Kxx: 0.016532887465970997
          Kxy: -3.3569039044055657e-05
          Kyy: 0.009236833824164653
          n: 246
  - data:
      timestamp_sec: 1755110583.5304775
      timestamp_nanosec: 1755110583530477265
      detection_cycle: 0
      se3: "3.012762\t-0.030888\t0.535054\t-0.550503\t0.100588\t0.708883"
      rep_error: 0.052998107168311985
      cal_qual: 0.48770265424455106
      se3_cov:
        - [5.03169e-06, 1.38229e-06, -1.49384e-06, -1.49424e-07, -3.18532e-07, 1.3754e-06]
        - [1.38229e-06, 5.13905e-07, -8.31147e-07, -6.43562e-08, -1.8014e-08, 3.38892e-07]
        - [-1.49384e-06, -8.31147e-07, 1.01933e-05, 6.91397e-08, 7.15226e-08, -3.16969e-06]
        - [-1.49424e-07, -6.43562e-08, 6.91397e-08, 4.18179e-07, 3.85683e-08, -6.19236e-09]
        - [-3.18532e-07, -1.8014e-08, 7.15226e-08, 3.85683e-08, 9.16769e-07, -3.43001e-06]
        - [1.3754e-06, 3.38892e-07, -3.16969e-06, -6.19236e-09, -3.43001e-06, 2.00205e-05]
      target:
        - x: 135.33718689788054
          y: 365.97782448765111
          m00: 4757.5
          m10: 643866.66666666663
          m01: 1741139.5
          m20: 88851256.083333328
          m11: 235436643.875
          m02: 639138600.91666663
          Kxx: 0.016117739624853487
          Kxy: -0.00089369653329356808
          Kyy: 0.0089066555639365913
          n: 229
        - x: 236.59259629481542
          y: 364.89834066373453
          m00: 5002
          m10: 1183436.1666666667
          m01: 1825221.5
          m20: 281964167.83333331
          m11: 431687118.08333331
          m02: 668042178.83333337
          Kxx: 0.016312976941131641
          Kxy: -0.00036117083215988892
          Kyy: 0.0082844080268677373
          n: 228
        - x: 340.96673241288624
          y: 365.3606837606838
          m00: 5070
          m10: 1728701.3333333333
          m01: 1852378.6666666667
          m20: 591500044.33333337
          m11: 631531261.08333337
          m02: 678810307.66666663
          Kxx: 0.016634613124848003
          Kxy: -0.00053517444156824575
          Kyy: 0.0089043252710966098
          n: 230
        - x: 446.17688844422213
          y: 367.34970818742704
          m00: 4997.5
          m10: 2229769
          m01: 1835830.1666666667
          m20: 996894197.75
          m11: 819114021.45833337
          m02: 676345045.91666663
          Kxx: 0.018691073314656324
          Kxy: 0.00023742918621287259
          Kyy: 0.0083460008959364614
          n: 229
        - x: 128.33382946351787
          y: 472.70129655354901
          m00: 5039
          m10: 646674.16666666663
          m01: 2381941.8333333335
          m20: 84823372
          m11: 305555153.91666669
          m02: 1128184425.6666667
          Kxx: 0.014419277312893932
          Kxy: -0.00045668933249055346
          Kyy: 0.0093805550398350142
          n: 232
        - x: 231.2878277153558
          y: 471.86647940074909
          m00: 5340
          m10: 1235077
          m01: 2519767
          m20: 287826216
          m11: 582698558.16666663
          m02: 1191373463.3333333
          Kxx: 0.016432433331749131
          Kxy: -0.00022394011609173499
          Kyy: 0.0088833508811343598
          n: 234
        - x: 337.58700383141763
          y: 471.70335632183907
          m00: 5437.5
          m10: 1835629.3333333333
          m01: 2564887
          m20: 621997341.41666663
          m11: 865838381.29166663
          m02: 1212260784.75
          Kxx: 0.017094074776258166
          Kxy: -0.00013969912662203417
          Kyy: 0.0089349041533945475
          n: 237
        - x: 444.99504163158389
          y: 472.34590077026223
          m00: 5344.5
          m10: 2378276
          m01: 2524452.6666666665
          m20: 1060572483.5833334
          m11: 1123385703.5416667
          m02: 1194710507.5833333
          Kxx: 0.018469811686502878
          Kxy: 5.9675318437249165e-05
          Kyy: 0.0087719260925931304
          n: 233
        - x: 125.50210244648318
          y: 583.26889016309894
          m00: 5232
          m10: 656627
          m01: 3051662.8333333335
          m20: 84351774
          m11: 382966538.58333331
          m02: 1782383238.1666667
          Kxx: 0.014819383952810208
          Kxy: -0.00028529059978082619
          Kyy: 0.0098266620262726055
          n: 238
        - x: 229.63248865241829
          y: 582.84738629873448
          m00: 5544.5
          m10: 1273197.3333333333
          m01: 3231597.3333333335
          m20: 294672374.91666669
          m11: 742077677.875
          m02: 1886125391.25
          Kxx: 0.016474284923181967
          Kxy: 0.00020115935357061798
          Kyy: 0.009293556809364327
          n: 243
        - x: 337.1970822281167
          y: 582.12219274977895
          m00: 5655
          m10: 1906849.5
          m01: 3291901
          m20: 645445954.33333337
          m11: 1110029437.9166667
          m02: 1918920048.8333333
          Kxx: 0.017904655712834214
          Kxy: -0.00013038953939235873
          Kyy: 0.0088412273569531616
          n: 242
        - x: 445.77882571334476
          y: 581.37558010718885
          m00: 5566.5
          m10: 2481427.8333333335
          m01: 3236227.1666666665
          m20: 1108579006.75
          m11: 1442668391.9583333
          m02: 1883986313.75
          Kxx: 0.018243776357613029
          Kxy: 0.00018233289115155934
          Kyy: 0.0092170181234538084
          n: 241
  - data:
      timestamp_sec: 1755110583.7305095
      timestamp_nanosec: 1755110583730509348
      detection_cycle: 0
      se3: "3.031454\t-0.025009\t0.424982\t-0.487126\t0.100250\t0.746989"
      rep_error: 0.062860120583777462
      cal_qual: 0.48638185539562589
      se3_cov:
        - [5.10422e-06, 1.12296e-06, -1.02458e-06, -6.94444e-08, -3.93343e-07, 1.6207e-06]
        - [1.12296e-06, 3.91683e-07, -7.7886e-07, -3.56383e-08, -4.47841e-08, 4.07092e-07]
        - [-1.02458e-06, -7.7886e-07, 1.05744e-05, -6.43639e-08, 3.05535e-07, -3.45014e-06]
        - [-6.94444e-08, -3.56383e-08, -6.43639e-08, 4.28076e-07, 5.49562e-08, -4.61418e-08]
        - [-3.93343e-07, -4.47841e-08, 3.05535e-07, 5.49562e-08, 9.31819e-07, -3.50196e-06]
        - [1.6207e-06, 4.07092e-07, -3.45014e-06, -4.61418e-08, -3.50196e-06, 2.03942e-05]
      target:
        - x: 219.56399393814149
          y: 366.64193703933319
          m00: 4839
          m10: 1062470.1666666667
          m01: 1774180.3333333333
          m20: 235097434
          m11: 389370647.41666669
          m02: 652417133.5
          Kxx: 0.017231761881769312
          Kxy: -0.00061908476908770964
          Kyy: 0.009434117599763538
          n: 224
        - x: 322.27524575513854
          y: 365.42898752192764
          m00: 5035.5
          m10: 1622817
          m01: 1840117.6666666667
          m20: 525031600.75
          m11: 592904972.79166663
          m02: 674438069.41666663
          Kxx: 0.018016037754935852
          Kxy: -0.0003113587705185284
          Kyy: 0.0093829972790203612
          n: 227
        - x: 427.93749592222872
          y: 365.63528413910097
          m00: 5109
          m10: 2186332.6666666665
          m01: 1868030.6666666667
          m20: 937745180.5
          m11: 799364719.41666663
          m02: 685043369.5
          Kxx: 0.018817024375674375
          Kxy: -0.00019038818929719266
          Kyy: 0.0090259396535718669
          n: 230
        - x: 533.88846868365181
          y: 367.56047638004247
          m00: 5024
          m10: 2682255.6666666665
          m01: 1846623.8333333333
          m20: 1434091889
          m11: 985926260.83333337
          m02: 680699556.83333337
          Kxx: 0.020059496928324747
          Kxy: 0.00026838978066698446
          Kyy: 0.0086765076906354186
          n: 230
        - x: 213.36882043333657
          y: 472.81213471536057
          m00: 5161.5
          m10: 1101303.1666666667
          m01: 2440419.8333333335
          m20: 236970897.25
          m11: 520585290.20833331
          m02: 1156130464.9166667
          Kxx: 0.016874959834616742
          Kxy: -0.00047626123354367866
          Kyy: 0.0091602259254383919
          n: 231
        - x: 317.94514338575391
          y: 471.91119333950047
          m00: 5405
          m10: 1718493.5
          m01: 2550680
          m20: 548649282
          m11: 810901574.08333337
          m02: 1206086249.8333333
          Kxx: 0.018632749531965309
          Kxy: -0.00010778241060246324
          Kyy: 0.0086593837592935721
          n: 236
        - x: 425.53190062490472
          y: 471.67956104252403
          m00: 5467.5
          m10: 2326595.6666666665
          m01: 2578908
          m20: 992405603.75
          m11: 1097379566.7916667
          m02: 1218812302.0833333
          Kxx: 0.018588691250126067
          Kxy: -0.00028874922256278849
          Kyy: 0.0094268953995077561
          n: 237
        - x: 533.65532732286147
          y: 472.35415311212313
          m00: 5379.5
          m10: 2870798.8333333335
          m01: 2541029.1666666665
          m20: 1534319895.5833333
          m11: 1356064335.7083333
          m02: 1202569969.5833333
          Kxx: 0.020068111552164012
          Kxy: 2.6639191535881841e-05
          Kyy: 0.0093286803493113687
          n: 237
        - x: 210.75878212879419
          y: 582.94673363718096
          m00: 5375.5
          m10: 1132933.8333333333
          m01: 3133630.1666666665
          m20: 240896927.91666666
          m11: 660420259.04166663
          m02: 1829233044.9166667
          Kxx: 0.017533393699941054
          Kxy: -2.0953579830597965e-05
          Kyy: 0.0093357757225979443
          n: 235
        - x: 316.4541562611488
          y: 582.48876204067074
          m00: 5606
          m10: 1774042
          m01: 3265432
          m20: 563801011
          m11: 1033346380
          m02: 1904686729
          Kxx: 0.017941365819260056
          Kxy: -3.9736917557095876e-05
          Kyy: 0.0096574945668810915
          n: 242
        - x: 425.37366725248972
          y: 581.90029291154065
          m00: 5690
          m10: 2420376.1666666665
          m01: 3311012.6666666665
          m20: 1032084951.1666666
          m11: 1408423899.6666667
          m02: 1929313737
          Kxx: 0.018287411602042454
          Kxy: 0.00036631761145163082
          Kyy: 0.0092805806861943896
          n: 244
        - x: 534.90319880418542
          y: 581.18630792227202
          m00: 5575
          m10: 2982085.3333333335
          m01: 3240113.6666666665
          m20: 1597559411.5
          m11: 1733177287.75
          m02: 1885625948.5
          Kxx: 0.020051836925920632
          Kxy: 0.00040303149079590949
          Kyy: 0.0094087651237209548
          n: 242
  - data:
      timestamp_sec: 1755110583.897192
      timestamp_nanosec: 1755110583897191898
      detection_cycle: 0
      se3: "3.042113\t-0.020563\t0.330240\t-0.431608\t0.100016\t0.774869"
      rep_error: 0.055507719948893607
      cal_qual: 0.48778718662934123
      se3_cov:
        - [5.16094e-06, 9.06347e-07, -6.65994e-07, -2.81251e-08, -3.56595e-07, 1.56558e-06]
        - [9.06347e-07, 3.30021e-07, -8.43186e-07, -2.5702e-08, -4.32721e-08, 3.90012e-07]
        - [-6.65994e-07, -8.43186e-07, 1.10863e-05, -1.76577e-07, 3.75187e-07, -3.2577e-06]
        - [-2.81251e-08, -2.5702e-08, -1.76577e-07, 4.41095e-07, 4.81554e-08, -2.34525e-08]
        - [-3.56595e-07, -4.32721e-08, 3.75187e-07, 4.81554e-08, 9.41103e-07, -3.50439e-06]
        - [1.56558e-06, 3.90012e-07, -3.2577e-06, -2.34525e-08, -3.50439e-06, 2.03812e-05]
      target:
        - x: 291.19246904737543
          y: 367.23936696340257
          m00: 4886.5
          m10: 1422912
          m01: 1794515.1666666667
          m20: 416226797.58333331
          m11: 522377880.625
          m02: 660947734.75
          Kxx: 0.019233964099614701
          Kxy: -0.0012004693224698874
          Kyy: 0.010021661295002848
          n: 225
        - x: 395.18748772343349
          y: 365.72713284881814
          m00: 5091
          m10: 2011899.5
          m01: 1861916.8333333333
          m20: 797184754.66666663
          m11: 735699624.66666663
          m02: 682978602.66666663
          Kxx: 0.020092673645030656
          Kxy: -0.00098282382428034588
          Kyy: 0.0093201974787864884
          n: 232
        - x: 501.70480912567245
          y: 365.84542096052888
          m00: 5143
          m10: 2580267.8333333335
          m01: 1881543
          m20: 1296713367.6666667
          m11: 943953699.75
          m02: 690386757.16666663
          Kxx: 0.02215394534736119
          Kxy: -0.00043425060998133558
          Kyy: 0.0092913822769502535
          n: 232
        - x: 608.31187709016262
          y: 367.67103738286812
          m00: 5033.5
          m10: 3061937.8333333335
          m01: 1850672.1666666667
          m20: 1864694836.5833333
          m11: 1125836566.7916667
          m02: 682393433.25
          Kxx: 0.023142338115767828
          Kxy: 0.00027141098759108403
          Kyy: 0.0094821481774861223
          n: 231
        - x: 285.8381858364562
          y: 472.92530668460336
          m00: 5203.5
          m10: 1487359
          m01: 2460866.8333333335
          m20: 427192013.08333331
          m11: 703299006.20833337
          m02: 1166079872.25
          Kxx: 0.019264386060320798
          Kxy: -0.00063636916170098498
          Kyy: 0.010071239158666593
          n: 231
        - x: 391.64481376059746
          y: 471.96489456125857
          m00: 5445.5
          m10: 2132701.8333333335
          m01: 2570084.8333333335
          m20: 837586565.58333337
          m11: 1006489455.625
          m02: 1215387896.5833333
          Kxx: 0.020325032653687711
          Kxy: -0.0002551442652731754
          Kyy: 0.0093505178129763573
          n: 237
        - x: 500.18974825599025
          y: 471.73806490749161
          m00: 5495
          m10: 2748542.6666666665
          m01: 2592200.6666666665
          m20: 1377205011.1666667
          m11: 1296584966.5833333
          m02: 1225234303.5
          Kxx: 0.020829759236509302
          Kxy: 1.4735362090305033e-05
          Kyy: 0.010226120116131715
          n: 238
        - x: 609.01977611940299
          y: 472.35217661691541
          m00: 5360
          m10: 3264346
          m01: 2531807.6666666665
          m20: 1990332699.3333333
          m11: 1541961837.5
          m02: 1198197914
          Kxx: 0.021106949389355988
          Kxy: -0.00013032426816772766
          Kyy: 0.0097544294117489772
          n: 240
        - x: 283.47026843357116
          y: 582.6472677848825
          m00: 5395.5
          m10: 1529463.8333333333
          m01: 3143673.3333333335
          m20: 435727789.91666669
          m11: 891112070.70833337
          m02: 1834126687.0833333
          Kxx: 0.019126604716964774
          Kxy: -9.8172465814152531e-05
          Kyy: 0.010626978524876669
          n: 235
        - x: 390.41831741539909
          y: 582.25692724914506
          m00: 5654
          m10: 2207425.1666666665
          m01: 3292080.6666666665
          m20: 864292878.83333337
          m11: 1285278881.1666667
          m02: 1919453939
          Kxx: 0.019996537178287244
          Kxy: -0.00027665153060689164
          Kyy: 0.0097483399994728135
          n: 240
        - x: 500.27802088803315
          y: 581.70514615788557
          m00: 5713
          m10: 2858088.3333333335
          m01: 3323281.5
          m20: 1432409582.1666667
          m11: 1662576147.25
          m02: 1935794865.3333333
          Kxx: 0.021327080211713895
          Kxy: 2.8357751458457366e-05
          Kyy: 0.010273820669754134
          n: 242
        - x: 610.29013949876037
          y: 581.10030767392539
          m00: 5579.5
          m10: 3405113.8333333335
          m01: 3242249.1666666665
          m20: 2080561256.25
          m11: 1978742440.7083333
          m02: 1886574344.9166667
          Kxx: 0.022457250845108381
          Kxy: 0.00082315067637111084
          Kyy: 0.011006248925468675
          n: 243
  - data:
      timestamp_sec: 1755110584.0472169
      timestamp_nanosec: 1755110584047216884
      detection_cycle: 0
      se3: "3.050398\t-0.016444\t0.248897\t-0.380508\t0.099831\t0.797030"
      rep_error: 0.046282794538890622
      cal_qual: 0.48907297296814428
      se3_cov:
        - [4.77653e-06, 6.16748e-07, -1.98909e-07, 1.84108e-08, -2.89502e-07, 1.30415e-06]
        - [6.16748e-07, 2.40578e-07, -7.40197e-07, -6.97212e-09, -3.01197e-08, 2.89646e-07]
        - [-1.98909e-07, -7.40197e-07, 9.81142e-06, -3.41289e-07, 3.37705e-07, -2.60107e-06]
        - [1.84108e-08, -6.97212e-09, -3.41289e-07, 4.50825e-07, 3.59465e-08, 2.14115e-08]
        - [-2.89502e-07, -3.01197e-08, 3.37705e-07, 3.59465e-08, 9.47989e-07, -3.48112e-06]
        - [1.30415e-06, 2.89646e-07, -2.60107e-06, 2.14115e-08, -3.48112e-06, 2.0185e-05]
      target:
        - x: 356.20853257367651
          y: 367.51588835758128
          m00: 4914.5
          m10: 1750586.8333333333
          m01: 1806156.8333333333
          m20: 625497325.08333337
          m11: 643217768.20833337
          m02: 665724452.75
          Kxx: 0.017263451117448966
          Kxy: -0.0009200774289786569
          Kyy: 0.0084610176783337081
          n: 225
        - x: 461.14921874999999
          y: 365.94941406250001
          m00: 5120
          m10: 2361084
          m01: 1873661
          m20: 1090955809.6666667
          m11: 863943876.5
          m02: 687699918
          Kxx: 0.01768305374901016
          Kxy: -0.00075435697276558236
          Kyy: 0.0082874734979263009
          n: 230
        - x: 568.17534688609226
          y: 366.04946757018394
          m00: 5165
          m10: 2934625.6666666665
          m01: 1890645.5
          m20: 1669584498.8333333
          m11: 1074214707.5
          m02: 694116730.33333337
          Kxx: 0.01925609895541534
          Kxy: -2.2334906875307e-05
          Kyy: 0.0083913555369093465
          n: 232
        - x: 674.99083722007219
          y: 367.71403526181734
          m00: 5038.5
          m10: 3400941.3333333335
          m01: 1852727.1666666667
          m20: 2297701173.5833335
          m11: 1250645258.2916667
          m02: 683223145.41666663
          Kxx: 0.020421278063629707
          Kxy: 0.00019584109912175815
          Kyy: 0.0089246137144365668
          n: 229
        - x: 351.38513577894236
          y: 473.05053199936475
          m00: 5247.5
          m10: 1843893.5
          m01: 2482332.6666666665
          m20: 650036874.25
          m11: 872154418.29166663
          m02: 1176539648.4166667
          Kxx: 0.017269573247641796
          Kxy: -0.00039604229209886001
          Kyy: 0.010022301153839421
          n: 233
        - x: 458.23359532078229
          y: 472.0150795101444
          m00: 5471
          m10: 2506996
          m01: 2582394.5
          m20: 1151151998.8333333
          m11: 1183287793.0833333
          m02: 1221332938.3333333
          Kxx: 0.017760786645784333
          Kxy: -0.0001891023142363923
          Kyy: 0.0085821637622764211
          n: 236
        - x: 567.42684807256239
          y: 471.74040816326533
          m00: 5512.5
          m10: 3127940.5
          m01: 2600469
          m20: 1777317973.4166667
          m11: 1475576983.625
          m02: 1229143125.25
          Kxx: 0.018594535670413043
          Kxy: -0.00012934743224960921
          Kyy: 0.0089509796065256018
          n: 241
        - x: 676.33367486338796
          y: 472.37742175856931
          m00: 5368
          m10: 3630559.1666666665
          m01: 2535722
          m20: 2457767051.8333335
          m11: 1715043141.0833333
          m02: 1200108431.6666667
          Kxx: 0.019277450185980628
          Kxy: 0.00013456942015005984
          Kyy: 0.0092480065901024769
          n: 236
        - x: 349.31606930057751
          y: 582.44538148929018
          m00: 5454.5
          m10: 1905344.5
          m01: 3176948.3333333335
          m20: 667823003.08333337
          m11: 1109742075.7916667
          m02: 1852884857.5833333
          Kxx: 0.018325255113198734
          Kxy: 0.0001604786537770375
          Kyy: 0.0091461679454434668
          n: 237
        - x: 457.33961046579839
          y: 582.06608588525171
          m00: 5682
          m10: 2598603.6666666665
          m01: 3307299.5
          m20: 1190956497.6666667
          m11: 1512549754.5833333
          m02: 1927695250.5
          Kxx: 0.018081105845502897
          Kxy: -0.00013114066194902209
          Kyy: 0.0085973497359373187
          n: 244
        - x: 567.78272899373815
          y: 581.62292121741655
          m00: 5722.5
          m10: 3249136.6666666665
          m01: 3328337.1666666665
          m20: 1847392361.25
          m11: 1889786102.2916667
          m02: 1938461490.0833333
          Kxx: 0.018656982922125684
          Kxy: 0.00061135221068860817
          Kyy: 0.0096888519369974849
          n: 243
        - x: 677.962091386304
          y: 581.0510021474588
          m00: 5588
          m10: 3788452.1666666665
          m01: 3246913
          m20: 2570886138.5
          m11: 2201309967.75
          m02: 1889134222.6666667
          Kxx: 0.019671345635790045
          Kxy: 0.00043190066001222265
          Kyy: 0.0097001011337628212
          n: 242
  - data:
      timestamp_sec: 1755110584.2639005
      timestamp_nanosec: 1755110584263900312
      detection_cycle: 0
      se3: "3.054162\t-0.010622\t0.128008\t-0.304502\t0.099567\t0.822962"
      rep_error: 0.044699287336191725
      cal_qual: 0.49031063778417866
      se3_cov:
        - [4.73639e-06, 3.08112e-07, 2.10923e-07, 8.1813e-09, -2.06347e-07, 1.16913e-06]
        - [3.08112e-07, 1.8429e-07, -7.18261e-07, 3.01884e-09, -2.0433e-08, 1.94492e-07]
        - [2.10923e-07, -7.18261e-07, 8.45906e-06, -4.84659e-07, 2.1476e-07, -1.70152e-06]
        - [8.1813e-09, 3.01884e-09, -4.84659e-07, 4.71276e-07, 2.17023e-08, 4.07162e-08]
        - [-2.06347e-07, -2.0433e-08, 2.1476e-07, 2.17023e-08, 9.54264e-07, -3.4332e-06]
        - [1.16913e-06, 1.94492e-07, -1.70152e-06, 4.07162e-08, -3.4332e-06, 1.99365e-05]
      target:
        - x: 451.20388805094689
          y: 367.91825037707389
          m00: 4972.5
          m10: 2243611.3333333335
          m01: 1829473.5
          m20: 1014328201.5833334
          m11: 825330659.95833337
          m02: 675040278.08333337
          Kxx: 0.016974899604865652
          Kxy: -0.00065639558796939121
          Kyy: 0.0085849490849926342
          n: 227
        - x: 557.14573222028082
          y: 366.2772277227723
          m00: 5151
          m10: 2869857.6666666665
          m01: 1886694
          m20: 1601120382.5
          m11: 1051099281.8333334
          m02: 693089894.5
          Kxx: 0.017377829948862278
          Kxy: -0.00035370401748933175
          Kyy: 0.008244418292439392
          n: 230
        - x: 664.82649638802889
          y: 366.19749742002068
          m00: 5168
          m10: 3435823.3333333335
          m01: 1892508.6666666667
          m20: 2286446914
          m11: 1258209644.25
          m02: 695067169.33333337
          Kxx: 0.017487701436328832
          Kxy: -0.00030778555049345614
          Kyy: 0.0084391155038008991
          n: 232
        - x: 771.80148693949343
          y: 367.69564207242195
          m00: 5021.5
          m10: 3875601.1666666665
          m01: 1846383.6666666667
          m20: 2993256256.25
          m11: 1425138397.625
          m02: 680865634.41666663
          Kxx: 0.018459266464940931
          Kxy: 0.00017002341855917229
          Kyy: 0.0080742650431838252
          n: 229
        - x: 447.43447454226231
          y: 473.07590293453723
          m00: 5316
          m10: 2378561.6666666665
          m01: 2514871.5
          m20: 1066474659.6666666
          m11: 1125149792.9166667
          m02: 1192003397.8333333
          Kxx: 0.017227066106662421
          Kxy: -0.00039431322989762972
          Kyy: 0.0098671118144743521
          n: 234
        - x: 555.43453137290498
          y: 472.08740243238339
          m00: 5509
          m10: 3059888.8333333335
          m01: 2600729.5
          m20: 1701984996.6666667
          m11: 1444491376
          m02: 1230186642.3333333
          Kxx: 0.01680564460877854
          Kxy: -0.00040369520816807358
          Kyy: 0.0081634190070066174
          n: 242
        - x: 665.17820617250425
          y: 471.7983226234652
          m00: 5524.5
          m10: 3674777
          m01: 2606449.8333333335
          m20: 2446836953.25
          m11: 1733776774.4583333
          m02: 1232122174.4166667
          Kxx: 0.018056852930325617
          Kxy: 0.00020763708817068239
          Kyy: 0.0087007860611360739
          n: 241
        - x: 774.15253869296851
          y: 472.34133556651466
          m00: 5373.5
          m10: 4159908.6666666665
          m01: 2538126.1666666665
          m20: 3222703615.4166665
          m11: 1964962407.375
          m02: 1201160355.9166667
          Kxx: 0.018055357967188018
          Kxy: 2.9211011098877279e-05
          Kyy: 0.0088023133244049829
          n: 235
        - x: 445.37909151636609
          y: 582.22866946013232
          m00: 5489
          m10: 2444685.8333333335
          m01: 3195853.1666666665
          m20: 1091127110
          m11: 1423341116.8333333
          m02: 1863202600
          Kxx: 0.016832742685411371
          Kxy: -7.0194953210968693e-05
          Kyy: 0.0092924249182976138
          n: 244
        - x: 554.80350601779173
          y: 581.94796209081926
          m00: 5733
          m10: 3180688.5
          m01: 3336307.6666666665
          m20: 1767248628.3333333
          m11: 1850979981.3333333
          m02: 1944198152.8333333
          Kxx: 0.018033504058875948
          Kxy: 4.2821266263817054e-05
          Kyy: 0.0086879711462560898
          n: 244
        - x: 665.9144077399111
          y: 581.54159040065088
          m00: 5736.5
          m10: 3820018
          m01: 3336013.3333333335
          m20: 2546412141.9166665
          m11: 2221509899.125
          m02: 1942661748.9166667
          Kxx: 0.017280244226329271
          Kxy: 3.7798753366693749e-05
          Kyy: 0.0093598110789118814
          n: 243
        - x: 776.1062182361735
          y: 581.05820627802689
          m00: 5575
          m10: 4326792.166666667
          m01: 3239399.5
          m20: 3360500146
          m11: 2514144776
          m02: 1884777783.3333333
          Kxx: 0.018824061943191132
          Kxy: 0.00023754414299435037
          Kyy: 0.0098269840747699736
          n: 240
  - data:
      timestamp_sec: 1755110584.4472609
      timestamp_nanosec: 1755110584447260676
      detection_cycle: 0
      se3: "3.056432\t-0.005570\t0.026854\t-0.239013\t0.099449\t0.840777"
      rep_error: 0.045240363673559388
      cal_qual: 0.48995127131566019
      se3_cov:
        - [5.22518e-06, 5.7096e-08, 9.74992e-08, -2.23943e-08, -1.6632e-07, 1.30346e-06]
        - [5.7096e-08, 1.80492e-07, -7.83064e-07, 7.59153e-09, -1.68162e-08, 1.07271e-07]
        - [9.74992e-08, -7.83064e-07, 8.40014e-06, -5.44391e-07, 7.06508e-08, -1.15526e-06]
        - [-2.23943e-08, 7.59153e-09, -5.44391e-07, 4.86555e-07, 1.42884e-08, 3.42623e-08]
        - [-1.6632e-07, -1.68162e-08, 7.06508e-08, 1.42884e-08, 9.58755e-07, -3.39686e-06]
        - [1.30346e-06, 1.07271e-07, -1.15526e-06, 3.42623e-08, -3.39686e-06, 1.98219e-05]
      target:
        - x: 531.97498917640792
          y: 368.12711892629966
          m00: 5004.5
          m10: 2662268.8333333335
          m01: 1842292.1666666667
          m20: 1418311603.75
          m11: 979933562.125
          m02: 680141955.41666663
          Kxx: 0.019904325342100942
          Kxy: -0.0011674138039457478
          Kyy: 0.0094652142664430894
          n: 227
        - x: 638.55593209398398
          y: 366.41921636973922
          m00: 5164
          m10: 3297502.8333333335
          m01: 1892188.8333333333
          m20: 2107855928.5
          m11: 1208226231
          m02: 695368168.16666663
          Kxx: 0.019734521012508638
          Kxy: -0.00049604892502259673
          Kyy: 0.0088132024843196773
          n: 234
        - x: 746.48471319033297
          y: 366.22647125432724
          m00: 5151.5
          m10: 3845516
          m01: 1886615.6666666667
          m20: 2872821176.4166665
          m11: 1408368796.7916667
          m02: 692955108.75
          Kxx: 0.020524431458869698
          Kxy: -0.00010252634294353968
          Kyy: 0.0088721593600746065
          n: 233
        - x: 853.22780167383553
          y: 367.58540895602016
          m00: 4998.5
          m10: 4264859.166666667
          m01: 1837375.6666666667
          m20: 3640931486.0833335
          m11: 1567818705.2083333
          m02: 677342567.25
          Kxx: 0.019458524803561521
          Kxy: 0.00056252595874365155
          Kyy: 0.0085631970489711724
          n: 229
        - x: 529.14795058955644
          y: 473.1311061201572
          m00: 5343
          m10: 2827237.5
          m01: 2527939.5
          m20: 1498289407
          m11: 1337576114
          m02: 1198331431.6666667
          Kxx: 0.019955221546299324
          Kxy: -0.00062151579158199581
          Kyy: 0.01058577493018052
          n: 234
        - x: 637.7337083068735
          y: 472.1442136139587
          m00: 5511.5
          m10: 3514869.3333333335
          m01: 2602222.8333333335
          m20: 2243977508.75
          m11: 1659496710.9583333
          m02: 1231033439.9166667
          Kxx: 0.018759361217455656
          Kxy: -0.00042227912135076571
          Kyy: 0.0090049781740069081
          n: 239
        - x: 747.74723581656701
          y: 471.77774756812278
          m00: 5517
          m10: 4125321.5
          m01: 2602797.8333333335
          m20: 3087138065.3333335
          m11: 1946262504.25
          m02: 1230347351.3333333
          Kxx: 0.019300786836272864
          Kxy: -0.00011157746906207695
          Kyy: 0.0089834551247406254
          n: 240
        - x: 856.5384999376015
          y: 472.29030949706731
          m00: 5342
          m10: 4575628.666666667
          m01: 2522974.8333333335
          m20: 3921456549
          m11: 2161102981.6666665
          m02: 1193867792.5
          Kxx: 0.020142156720974962
          Kxy: 0.00040383355163846368
          Kyy: 0.009191176937817274
          n: 236
        - x: 527.51651760171046
          y: 582.10437558346132
          m00: 5534.5
          m10: 2919540.1666666665
          m01: 3221656.6666666665
          m20: 1542494709.4166667
          m11: 1699456319.0416667
          m02: 1877828447.5833333
          Kxx: 0.019093900838272955
          Kxy: 0.00022705154620028314
          Kyy: 0.010290482231079487
          n: 241
        - x: 637.41581654895811
          y: 581.91388380271451
          m00: 5734.5
          m10: 3655261
          m01: 3336985.1666666665
          m20: 2332513752.9166665
          m11: 2127040930.2083333
          m02: 1944480586.0833333
          Kxx: 0.018628268112703576
          Kxy: -1.3511611647003072e-05
          Kyy: 0.0090571273870461832
          n: 243
        - x: 748.825324845208
          y: 581.55443155722219
          m00: 5733.5
          m10: 4293390
          m01: 3334342.3333333335
          m20: 3217599776.4166665
          m11: 2496844946.5416665
          m02: 1941733832.4166667
          Kxx: 0.019111478124219872
          Kxy: -0.00044518478847265761
          Kyy: 0.0097331103677258252
          n: 243
        - x: 858.76425547247993
          y: 581.15533135152987
          m00: 5550.5
          m10: 4766571
          m01: 3225702.6666666665
          m20: 4095764962.9166665
          m11: 2770151991.0416665
          m02: 1877135753.9166667
          Kxx: 0.020264881805941756
          Kxy: 0.00042088946176969629
          Kyy: 0.010070683804321676
          n: 239
  - data:
      timestamp_sec: 1755110584.6306176
      timestamp_nanosec: 1755110584630617686
      detection_cycle: 0
      se3: "3.057079\t-0.000395\t-0.073796\t-0.172637\t0.099325\t0.854668"
      rep_error: 0.045646650778366944
      cal_qual: 0.48965606403396023
      se3_cov:
        - [5.34944e-06, -2.36433e-07, -7.0774e-08, -3.43134e-08, -1.80179e-07, 1.37873e-06]
        - [-2.36433e-07, 1.97431e-07, -8.30265e-07, 1.45172e-08, -1.49612e-08, 1.30382e-08]
        - [-7.0774e-08, -8.30265e-07, 9.02916e-06, -6.14995e-07, -7.05932e-08, -7.6868e-07]
        - [-3.43134e-08, 1.45172e-08, -6.14995e-07, 4.96314e-07, 1.04949e-08, 2.38004e-08]
        - [-1.80179e-07, -1.49612e-08, -7.05932e-08, 1.04949e-08, 9.6236e-07, -3.38103e-06]
        - [1.37873e-06, 1.30382e-08, -7.6868e-07, 2.38004e-08, -3.38103e-06, 1.97209e-05]
      target:
        - x: 613.07827180097922
          y: 368.2500661638216
          m00: 5038
          m10: 3088688.3333333335
          m01: 1855243.8333333333
          m20: 1895694428
          m11: 1137309687.4166667
          m02: 685154297.83333337
          Kxx: 0.021093147892976484
          Kxy: -0.0006335510093047372
          Kyy: 0.0093121904059989668
          n: 230
        - x: 720.10541642399539
          y: 366.40137837313142
          m00: 5151
          m10: 3709263
          m01: 1887333.5
          m20: 2673258673.5
          m11: 1359057468.4166667
          m02: 693550602.66666663
          Kxx: 0.020294934812135852
          Kxy: -0.00016314735133542439
          Kyy: 0.00904733973981201
          n: 232
        - x: 827.93009501648248
          y: 366.00879064055329
          m00: 5157
          m10: 4269635.5
          m01: 1887507.3333333333
          m20: 3537158695.6666665
          m11: 1562785349.0833333
          m02: 692883683.5
          Kxx: 0.021029121309488003
          Kxy: 0.00048796458959738076
          Kyy: 0.0087784009400614371
          n: 232
        - x: 934.05068520757754
          y: 367.38049173720276
          m00: 4962
          m10: 4634759.5
          m01: 1822942
          m20: 4331090124.166667
          m11: 1702856463
          m02: 671652577.33333337
          Kxx: 0.020104785118187859
          Kxy: 0.00039063560316852393
          Kyy: 0.0090443790735813268
          n: 228
        - x: 611.13655403518567
          y: 473.1812963480096
          m00: 5371.5
          m10: 3282720
          m01: 2541693.3333333335
          m20: 2008493085.0833333
          m11: 1553249697.0416667
          m02: 1204974241.75
          Kxx: 0.021499008849412915
          Kxy: -0.00065815418070701737
          Kyy: 0.010215471365916381
          n: 239
        - x: 720.12012663952964
          y: 472.07833559475353
          m00: 5527.5
          m10: 3980464
          m01: 2609413
          m20: 2868860458.4166665
          m11: 1879081776.9583333
          m02: 1234263180.75
          Kxx: 0.019124447736461891
          Kxy: 0.00038923590852960369
          Kyy: 0.0091876206616874189
