bag_path: examples/data/rosbag/testbed_B.bag
image_topics:
  - /cam_0/image_raw
  - /cam_1/image_raw
intrinsics:
  - cam_id: 0
    fx: 1057.6199999999999
    fy: 1057.8499999999999
    cx: 711.02499999999998
    cy: 570.28999999999996
    skew: 0.86197100000000004
    d1: -0.36722900000000003
    d2: 0.20033300000000001
    d3: -0.068699300000000005
    d4: 0
  - cam_id: 1
    fx: 1054.23
    fy: 1054.5799999999999
    cx: 731.02300000000002
    cy: 582.71799999999996
    skew: 0.73577999999999999
    d1: -0.369869
    d2: 0.215838
    d3: -0.086157999999999998
    d4: 0
discocal_target:
  n_x: 4
  n_y: 3
  n_d: 3
  radius: 0.035000000000000003
  distance: 0.089999999999999997
  asymmetric: false