keyframes:
  - num_keyframes: 26
  - data:
      timestamp_sec: 1755115468.4357738
      timestamp_nanosec: 1755115468435773693
      detection_cycle: 0
      se3: "2.999918\t-0.033283\t0.631849\t-0.608423\t0.100018\t0.672358"
      rep_error: 0.099549388816616277
      cal_qual: 0.47744759729934955
      se3_cov:
        - [5.41017e-06, 1.75133e-06, -2.13229e-06, -3.39482e-07, -1.62745e-07, 9.05618e-07]
        - [1.75133e-06, 6.90842e-07, -9.43363e-07, -1.35409e-07, 3.40267e-08, 1.54959e-07]
        - [-2.13229e-06, -9.43363e-07, 1.1509e-05, 3.84627e-07, -1.26015e-07, -2.75262e-06]
        - [-3.39482e-07, -1.35409e-07, 3.84627e-07, 4.55704e-07, -3.76941e-09, 1.30567e-07]
        - [-1.62745e-07, 3.40267e-08, -1.26015e-07, -3.76941e-09, 9.03146e-07, -3.32343e-06]
        - [9.05618e-07, 1.54959e-07, -2.75262e-06, 1.30567e-07, -3.32343e-06, 1.9477e-05]
      target:
        - x: 58.73370954003407
          y: 364.12397075525274
          m00: 4696
          m10: 275813.5
          m01: 1709926.1666666667
          m20: 17837537.5
          m11: 100217192.58333333
          m02: 624533565.5
          Kxx: 0.015033371872089411
          Kxy: -0.00074597350662891204
          Kyy: 0.009451304737799501
          n: 222
        - x: 158.08747977346277
          y: 363.18187028047464
          m00: 4944
          m10: 781584.5
          m01: 1795571.1666666667
          m20: 125451474.16666667
          m11: 283695901.58333331
          m02: 654132318.5
          Kxx: 0.015140991607604957
          Kxy: -0.00058463050429473015
          Kyy: 0.0086042761380707242
          n: 230
        - x: 261.05282944202611
          y: 363.93322121092206
          m00: 5054
          m10: 1319361
          m01: 1839318.5
          m20: 346454510.33333331
          m11: 480071479.5
          m02: 671427057.83333337
          Kxx: 0.016098548710931224
          Kxy: -0.00041773518096141179
          Kyy: 0.0079194796910492891
          n: 230
        - x: 365.2027794481192
          y: 366.05953096812988
          m00: 4989
          m10: 1821996.6666666667
          m01: 1826271
          m20: 667406281.16666663
          m11: 666949504.33333337
          m02: 670478320.5
          Kxx: 0.016542852221523616
          Kxy: 4.4805054735208677e-05
          Kyy: 0.0086873459543900747
          n: 226
        - x: 50.872706039372702
          y: 471.43370036703374
          m00: 4995
          m10: 254109.16666666666
          m01: 2354811.3333333335
          m20: 14691539.666666666
          m11: 119658109.75
          m02: 1112383466.8333333
          Kxx: 0.014223881212424199
          Kxy: -0.00042019095457289504
          Kyy: 0.009325891305104703
          n: 230
        - x: 151.84190186575438
          y: 470.66831385219683
          m00: 5261.5
          m10: 798916.16666666663
          m01: 2476421.3333333335
          m20: 123361391.58333333
          m11: 375923092.04166669
          m02: 1167944108.4166667
          Kxx: 0.014820014812569129
          Kxy: -0.00027324834635553548
          Kyy: 0.0088022657597432389
          n: 237
        - x: 256.56852006559609
          y: 470.6196973916272
          m00: 5386.5
          m10: 1382006.3333333333
          m01: 2534993
          m20: 356811621.91666669
          m11: 650344876.20833337
          m02: 1195408158.5833333
          Kxx: 0.014975570391359216
          Kxy: -6.0144140134876934e-05
          Kyy: 0.0093544802060772005
          n: 237
        - x: 362.81279658087431
          y: 471.34043556142171
          m00: 5303.5
          m10: 1924177.6666666667
          m01: 2499754
          m20: 700308135.75
          m11: 906936349.875
          m02: 1180522012.0833333
          Kxx: 0.015228141668842354
          Kxy: -3.1085894082780127e-05
          Kyy: 0.00856203678246064
          n: 237
        - x: 47.759045866821602
          y: 582.70869242438914
          m00: 5163.5
          m10: 246603.83333333334
          m01: 3008816.3333333335
          m20: 13619014.583333334
          m11: 143677128.375
          m02: 1755709694.75
          Kxx: 0.013965628310615491
          Kxy: 1.8062489366057115e-05
          Kyy: 0.0095852450538892481
          n: 237
        - x: 150.07286173243619
          y: 582.13290295205195
          m00: 5499
          m10: 825250.66666666663
          m01: 3201148.8333333335
          m20: 126071999.83333333
          m11: 480402879.41666669
          m02: 1866098113.6666667
          Kxx: 0.015569968019197194
          Kxy: 2.1593117264652464e-05
          Kyy: 0.0097033174734545979
          n: 238
        - x: 255.75041006829503
          y: 581.36551251081085
          m00: 5588.5
          m10: 1429261.1666666667
          m01: 3248961.1666666665
          m20: 367901842.08333331
          m11: 830930789.70833337
          m02: 1891443890.4166667
          Kxx: 0.014603095890349848
          Kxy: -3.5203360612244996e-05
          Kyy: 0.0090393036617401265
          n: 243
        - x: 363.35497914021403
          y: 580.5854646592901
          m00: 5513
          m10: 2003176
          m01: 3200767.6666666665
          m20: 730200595.16666663
          m11: 1163035141.1666667
          m02: 1860823944.8333333
          Kxx: 0.016173752100260751
          Kxy: 0.00024115793774129017
          Kyy: 0.0089620676410034922
          n: 238
  - data:
      timestamp_sec: 1755115468.619133
      timestamp_nanosec: 1755115468619132906
      detection_cycle: 0
      se3: "3.017339\t-0.029272\t0.534645\t-0.551195\t0.099748\t0.710344"
      rep_error: 0.075077035265964445
      cal_qual: 0.48243852096167711
      se3_cov:
        - [4.71717e-06, 1.28134e-06, -1.34651e-06, -1.24582e-07, -3.27346e-07, 1.30307e-06]
        - [1.28134e-06, 4.70925e-07, -7.36691e-07, -5.30421e-08, -1.81882e-08, 3.05352e-07]
        - [-1.34651e-06, -7.36691e-07, 9.44572e-06, 4.71884e-08, 6.76786e-08, -3.06188e-06]
        - [-1.24582e-07, -5.30421e-08, 4.71884e-08, 4.19661e-07, 2.94423e-08, 5.34862e-08]
        - [-3.27346e-07, -1.81882e-08, 6.76786e-08, 2.94423e-08, 9.15079e-07, -3.41755e-06]
        - [1.30307e-06, 3.05352e-07, -3.06188e-06, 5.34862e-08, -3.41755e-06, 2.00378e-05]
      target:
        - x: 135.47637574482999
          y: 364.96067297581493
          m00: 4755
          m10: 644190.16666666663
          m01: 1735388
          m20: 88982292.333333328
          m11: 234904659.83333334
          m02: 635265869.5
          Kxx: 0.01416385718200704
          Kxy: -0.00067358478167206114
          Kyy: 0.0082648312384098199
          n: 224
        - x: 236.63610497422511
          y: 363.86520050880364
          m00: 4979
          m10: 1178211.1666666667
          m01: 1811684.8333333333
          m20: 280754871
          m11: 428567244.58333331
          m02: 661218580.33333337
          Kxx: 0.014359931180055971
          Kxy: -0.00059262637556579327
          Kyy: 0.0079086329262746148
          n: 228
        - x: 341.03181162272074
          y: 364.34051554506101
          m00: 5082
          m10: 1733123.6666666667
          m01: 1851578.5
          m20: 593134288.33333337
          m11: 631386509.58333337
          m02: 676634443.16666663
          Kxx: 0.014884813501613763
          Kxy: -0.00019134992533813077
          Kyy: 0.0081343696444878631
          n: 230
        - x: 446.04543933614406
          y: 366.40313190122464
          m00: 4981
          m10: 2221752.3333333335
          m01: 1825054
          m20: 993008144.16666663
          m11: 814069002.33333337
          m02: 670649908.83333337
          Kxx: 0.015595690779598673
          Kxy: 0.00012688874339663279
          Kyy: 0.00764392609040621
          n: 228
        - x: 128.46189254948379
          y: 471.65446833695012
          m00: 5069
          m10: 651173.33333333337
          m01: 2390816.5
          m20: 85515629.5
          m11: 307001317.75
          m02: 1129891307.6666667
          Kxx: 0.013870852396393765
          Kxy: -0.00039393592258437759
          Kyy: 0.0091476985235356013
          n: 230
        - x: 231.37995948262426
          y: 470.84687548698764
          m00: 5347.5
          m10: 1237304.3333333333
          m01: 2517853.6666666665
          m20: 288465808.08333331
          m11: 582491130.70833337
          m02: 1187905082.0833333
          Kxx: 0.014855348269297002
          Kxy: -4.8880058816090744e-06
          Kyy: 0.008447465389046567
          n: 235
        - x: 337.63469606492112
          y: 470.73085285561166
          m00: 5442.5
          m10: 1837576.8333333333
          m01: 2561952.6666666665
          m20: 622749149.75
          m11: 864966384.45833337
          m02: 1208387024.5833333
          Kxx: 0.01497488854909626
          Kxy: -7.0310664436064527e-05
          Kyy: 0.0083294829884764179
          n: 237
        - x: 444.72112087775082
          y: 471.39685805124367
          m00: 5347
          m10: 2377923.8333333335
          m01: 2520559
          m20: 1059765681.3333334
          m11: 1120955714.25
          m02: 1190482548.5
          Kxx: 0.015206218046375319
          Kxy: 6.2548194406600896e-05
          Kyy: 0.0084147969532601188
          n: 234
        - x: 125.65281088124065
          y: 582.30009216004066
          m00: 5244.5
          m10: 658986.16666666663
          m01: 3053872.8333333335
          m20: 84762150.416666672
          m11: 383700475.29166669
          m02: 1780717614.4166667
          Kxx: 0.014039448203026057
          Kxy: -0.0001432369161561783
          Kyy: 0.0091490766598845419
          n: 235
        - x: 229.51358449556241
          y: 581.84305379460238
          m00: 5521
          m10: 1267144.5
          m01: 3212355.5
          m20: 293104665.66666669
          m11: 737257711.75
          m02: 1871671338.3333333
          Kxx: 0.014425477317670791
          Kxy: 0.0003740913938310845
          Kyy: 0.008746911504774196
          n: 242
        - x: 336.9260836142156
          y: 581.06921530364843
          m00: 5637
          m10: 1899252.3333333333
          m01: 3275487.1666666665
          m20: 642352404.5
          m11: 1103607309.3333333
          m02: 1905901618
          Kxx: 0.014668915190759224
          Kxy: -0.00024459512637728452
          Kyy: 0.008544172679167036
          n: 242
        - x: 445.58216258405378
          y: 580.40261767531217
          m00: 5552
          m10: 2473872.1666666665
          m01: 3222395.3333333335
          m20: 1104706122.5
          m11: 1435868887.1666667
          m02: 1872802657
          Kxx: 0.01484871888453696
          Kxy: 0.00022133877142567945
          Kyy: 0.0081542990523583801
          n: 242
  - data:
      timestamp_sec: 1755115468.7691739
      timestamp_nanosec: 1755115468769173877
      detection_cycle: 0
      se3: "3.030715\t-0.025337\t0.451018\t-0.503332\t0.099342\t0.739048"
      rep_error: 0.071264204904138664
      cal_qual: 0.48329409002821538
      se3_cov:
        - [4.54538e-06, 1.05535e-06, -1.0837e-06, -5.40106e-08, -4.14383e-07, 1.53623e-06]
        - [1.05535e-06, 3.75253e-07, -7.03572e-07, -2.89343e-08, -4.83512e-08, 3.94157e-07]
        - [-1.0837e-06, -7.03572e-07, 9.3639e-06, -5.97523e-08, 2.88434e-07, -3.43296e-06]
        - [-5.40106e-08, -2.89343e-08, -5.97523e-08, 4.23557e-07, 4.75217e-08, 8.24677e-09]
        - [-4.14383e-07, -4.83512e-08, 2.88434e-07, 4.75217e-08, 9.2604e-07, -3.4835e-06]
        - [1.53623e-06, 3.94157e-07, -3.43296e-06, 8.24677e-09, -3.4835e-06, 2.03731e-05]
      target:
        - x: 198.78613355431253
          y: 365.31751950832125
          m00: 4827
          m10: 959540.66666666663
          m01: 1763387.6666666667
          m20: 192547496.5
          m11: 350348186.75
          m02: 646122337.83333337
          Kxx: 0.014154628529034622
          Kxy: -0.00070515952380742844
          Kyy: 0.0084445652261747051
          n: 224
        - x: 301.23894886269846
          y: 364.05499983493451
          m00: 5048.5
          m10: 1520804.8333333333
          m01: 1837931.6666666667
          m20: 460163632.08333331
          m11: 553523668.625
          m02: 671135861.58333337
          Kxx: 0.014527850246831781
          Kxy: -0.00047687448378716231
          Kyy: 0.0074798592423562177
          n: 227
        - x: 406.56381733021078
          y: 364.4268149882904
          m00: 5124
          m10: 2083233
          m01: 1867323
          m20: 849112877.66666663
          m11: 759135692.83333337
          m02: 682538811.66666663
          Kxx: 0.015458975612812972
          Kxy: -0.00012450076454614831
          Kyy: 0.0081081195200124866
          n: 230
        - x: 512.48882053317459
          y: 366.36253886353109
          m00: 5039
          m10: 2582431.1666666665
          m01: 1846100.8333333333
          m20: 1325548719.3333333
          m11: 946136395.41666663
          m02: 678304440
          Kxx: 0.016304567139860442
          Kxy: 0.00031238720943730503
          Kyy: 0.0077130200716315446
          n: 228
        - x: 192.39236451591816
          y: 471.56239785578867
          m00: 5099
          m10: 981008.66666666663
          m01: 2404496.6666666665
          m20: 190657929.5
          m11: 462485173.66666669
          m02: 1136109573.5
          Kxx: 0.013786841945482924
          Kxy: -0.00066637797269568366
          Kyy: 0.0092435026680220272
          n: 234
        - x: 296.58449942853616
          y: 470.70385815339938
          m00: 5395.5
          m10: 1600221.6666666667
          m01: 2539682.6666666665
          m20: 476849082.75
          m11: 753145316.125
          m02: 1197829501.75
          Kxx: 0.014623248801343745
          Kxy: 8.6456019605654299e-05
          Kyy: 0.0083303679989652178
          n: 235
        - x: 403.70065779409521
          y: 470.5177298454949
          m00: 5447.5
          m10: 2199159.3333333335
          m01: 2563145.3333333335
          m20: 890147214.41666663
          m11: 1034724103.7916666
          m02: 1208384471.75
          Kxx: 0.014598768473249075
          Kxy: -0.00024479840563179037
          Kyy: 0.0088708374214150742
          n: 239
        - x: 511.97767649520972
          y: 471.16513192571233
          m00: 5375.5
          m10: 2752136
          m01: 2532748.1666666665
          m20: 1411336603.4166667
          m11: 1296734691.4583333
          m02: 1195638129.9166667
          Kxx: 0.015750078726226947
          Kxy: -3.5008054724205298e-05
          Kyy: 0.0086271997571890201
          n: 235
        - x: 189.81891235283123
          y: 581.86307855229552
          m00: 5351
          m10: 1015721
          m01: 3113549.3333333335
          m20: 194893222.16666666
          m11: 590986952.83333337
          m02: 1814144192.1666667
          Kxx: 0.014303273519023826
          Kxy: 0.00010011240823540001
          Kyy: 0.0084305943856035973
          n: 236
        - x: 295.13417676407698
          y: 581.2647303397481
          m00: 5612
          m10: 1656293
          m01: 3262057.6666666665
          m20: 491225323.33333331
          m11: 962730413.58333337
          m02: 1898740592
          Kxx: 0.014992488268264896
          Kxy: -0.00013430507685014328
          Kyy: 0.0086669977935638978
          n: 240
        - x: 403.4386042402827
          y: 580.71060070671376
          m00: 5660
          m10: 2283462.5
          m01: 3286822
          m20: 923723571.5
          m11: 1326041325
          m02: 1911307246.6666667
          Kxx: 0.014545043954579952
          Kxy: -4.4963778626972098e-05
          Kyy: 0.0085159254856385751
          n: 246
        - x: 512.74154002937394
          y: 580.04160297335375
          m00: 5560.5
          m10: 2851099.3333333335
          m01: 3225321.3333333335
          m20: 1464303539.5833333
          m11: 1653793337.7083333
          m02: 1873317088.5833333
          Kxx: 0.015491606845630911
          Kxy: 5.2390373858289912e-05
          Kyy: 0.0096396982825623957
          n: 241
  - data:
      timestamp_sec: 1755115468.919204
      timestamp_nanosec: 1755115468919203914
      detection_cycle: 0
      se3: "3.038023\t-0.022174\t0.368243\t-0.453054\t0.099114\t0.763816"
      rep_error: 0.074567143501661229
      cal_qual: 0.48347966104899703
      se3_cov:
        - [4.39621e-06, 8.58483e-07, -8.08337e-07, -9.41199e-09, -3.97029e-07, 1.4207e-06]
        - [8.58483e-07, 3.06626e-07, -7.02928e-07, -1.62334e-08, -4.90834e-08, 3.81354e-07]
        - [-8.08337e-07, -7.02928e-07, 9.4091e-06, -1.48108e-07, 3.99491e-07, -3.3931e-06]
        - [-9.41199e-09, -1.62334e-08, -1.48108e-07, 4.3265e-07, 4.49568e-08, 2.36416e-08]
        - [-3.97029e-07, -4.90834e-08, 3.99491e-07, 4.49568e-08, 9.32991e-07, -3.49368e-06]
        - [1.4207e-06, 3.81354e-07, -3.3931e-06, 2.36416e-08, -3.49368e-06, 2.03534e-05]
      target:
        - x: 263.38267272226813
          y: 365.73424167354807
          m00: 4844
          m10: 1275825.6666666667
          m01: 1771616.6666666667
          m20: 337870008
          m11: 466428101
          m02: 649855477
          Kxx: 0.014528278166505591
          Kxy: -0.00073581811476893097
          Kyy: 0.0086142394680496816
          n: 224
        - x: 366.89484284204968
          y: 364.37760829371371
          m00: 5048
          m10: 1852085.1666666667
          m01: 1839378.1666666667
          m20: 681585857.16666663
          m11: 674745076
          m02: 672226477.83333337
          Kxx: 0.014861213895679319
          Kxy: -0.00092646972103849342
          Kyy: 0.0086914523618555912
          n: 234
        - x: 473.23138591366438
          y: 364.61041869522882
          m00: 5135
          m10: 2430043.1666666665
          m01: 1872274.5
          m20: 1152146401
          m11: 885987868.66666663
          m02: 684677287
          Kxx: 0.01549337402957505
          Kxy: -0.00021525548130547529
          Kyy: 0.008263604986219017
          n: 230
        - x: 579.71332937607178
          y: 366.46497823506132
          m00: 5054
          m10: 2929871.1666666665
          m01: 1852114
          m20: 1700584006.5
          m11: 1073740488.25
          m02: 680705273
          Kxx: 0.01667226646847237
          Kxy: -1.792275495948445e-05
          Kyy: 0.0076495958780929815
          n: 228
        - x: 257.690165781426
          y: 471.61889586351202
          m00: 5177.5
          m10: 1334190.8333333333
          m01: 2441806.8333333335
          m20: 345832897.25
          m11: 629117128.29166663
          m02: 1153856577.25
          Kxx: 0.014384804194794237
          Kxy: -0.00058006550186177918
          Kyy: 0.0087329490291227219
          n: 235
        - x: 363.16511706403998
          y: 470.74153855595443
          m00: 5431.5
          m10: 1972531.3333333333
          m01: 2556832.6666666665
          m20: 718661004.08333337
          m11: 928478785.04166663
          m02: 1205999905.0833333
          Kxx: 0.015072846333844293
          Kxy: -0.00042602635519843542
          Kyy: 0.008440505757693938
          n: 235
        - x: 471.49253098203189
          y: 470.5555555555556
          m00: 5500.5
          m10: 2593444.6666666665
          m01: 2588290.8333333335
          m20: 1225203393.25
          m11: 1220346958.2083333
          m02: 1220337080.0833333
          Kxx: 0.015526037884075711
          Kxy: -3.5322149391161508e-05
          Kyy: 0.008331226718762753
          n: 241
        - x: 580.00618945935071
          y: 471.16327793767215
          m00: 5385.5
          m10: 3123623.3333333335
          m01: 2537449.8333333335
          m20: 1814040962.75
          m11: 1471773412.7916667
          m02: 1197850438.5833333
          Kxx: 0.017196740976934629
          Kxy: -4.6057152102188806e-06
          Kyy: 0.008912044886079001
          n: 235
        - x: 255.19288946748497
          y: 581.56289132725806
          m00: 5377
          m10: 1372172.1666666667
          m01: 3127063.6666666665
          m20: 352318986
          m11: 797976822.91666663
          m02: 1821047062.8333333
          Kxx: 0.014730840588447067
          Kxy: -6.9618149387289685e-05
          Kyy: 0.0093965343014934567
          n: 238
        - x: 361.69747649971833
          y: 581.11090353764496
          m00: 5620.5
          m10: 2032920.6666666667
          m01: 3266133.8333333335
          m20: 737725009.58333337
          m11: 1181344390.875
          m02: 1900595430.4166667
          Kxx: 0.014515514332446496
          Kxy: -0.00039209168837313021
          Kyy: 0.0083274764642690957
          n: 245
        - x: 471.2201484872495
          y: 580.57238019778742
          m00: 5679.5
          m10: 2676294.8333333335
          m01: 3297360.8333333335
          m20: 1263656277.25
          m11: 1553790137.7916667
          m02: 1916959903.5833333
          Kxx: 0.015602563544476967
          Kxy: -0.00013267833725678056
          Kyy: 0.0094795722088070137
          n: 245
        - x: 581.23975458660948
          y: 579.96595782701934
          m00: 5596
          m10: 3252617.6666666665
          m01: 3245489.5
          m20: 1893024652
          m11: 1886433852.75
          m02: 1884784635.8333333
          Kxx: 0.016825040743204643
          Kxy: -2.9540008395171228e-05
          Kyy: 0.0097056221243730992
          n: 240
  - data:
      timestamp_sec: 1755115469.0859156
      timestamp_nanosec: 1755115469085915408
      detection_cycle: 0
      se3: "3.051410\t-0.016705\t0.271917\t-0.396640\t0.098898\t0.791444"
      rep_error: 0.092535820185840376
      cal_qual: 0.47871878517206728
      se3_cov:
        - [4.35275e-06, 6.28742e-07, -2.63659e-07, 3.91969e-08, -3.26983e-07, 1.2601e-06]
        - [6.28742e-07, 2.35473e-07, -6.65845e-07, -3.56185e-09, -3.83959e-08, 3.08866e-07]
        - [-2.63659e-07, -6.65845e-07, 9.28606e-06, -2.8015e-07, 4.07351e-07, -2.85726e-06]
        - [3.91969e-08, -3.56185e-09, -2.8015e-07, 4.4533e-07, 3.21458e-08, 6.97315e-08]
        - [-3.26983e-07, -3.83959e-08, 4.07351e-07, 3.21458e-08, 9.43841e-07, -3.48035e-06]
        - [1.2601e-06, 3.08866e-07, -2.85726e-06, 6.97315e-08, -3.48035e-06, 2.02522e-05]
      target:
        - x: 336.07547234158653
          y: 366.26151012891347
          m00: 4887
          m10: 1642400.8333333333
          m01: 1789920
          m20: 553862671
          m11: 601394954.41666663
          m02: 657501168.83333337
          Kxx: 0.01493106589724409
          Kxy: -0.00048430361539725724
          Kyy: 0.0084816068156271865
          n: 226
        - x: 440.701460692598
          y: 364.70789430494006
          m00: 5077.5
          m10: 2237661.6666666665
          m01: 1851804.3333333333
          m20: 988249033.75
          m11: 815990562.70833337
          m02: 677369963.08333337
          Kxx: 0.014957188567536554
          Kxy: -0.0005500718007033907
          Kyy: 0.0085044397793397203
          n: 233
        - x: 547.89455025943471
          y: 364.78181700989398
          m00: 5171.5
          m10: 2833436.6666666665
          m01: 1886469.1666666667
          m20: 1554638078.4166667
          m11: 1033576158.625
          m02: 690196538.58333337
          Kxx: 0.016107118266300281
          Kxy: -0.00020971094786853041
          Kyy: 0.0078655676758168265
          n: 233
        - x: 654.66716191230853
          y: 366.56487717908084
          m00: 5048
          m10: 3304759.8333333335
          m01: 1850419.5
          m20: 2165620177.8333335
          m11: 1211472954.4166667
          m02: 680257173.83333337
          Kxx: 0.016749318294046779
          Kxy: 0.00023719086631970751
          Kyy: 0.0079228709099785563
          n: 228
        - x: 331.35832700582131
          y: 471.72070361933686
          m00: 5268
          m10: 1745595.6666666667
          m01: 2485024.6666666665
          m20: 580555660.66666663
          m11: 823329586.33333337
          m02: 1174524494.6666667
          Kxx: 0.015771839694807104
          Kxy: -0.00031710410985032981
          Kyy: 0.0084712569519630101
          n: 232
        - x: 437.81042104942219
          y: 470.80795146193481
          m00: 5466.5
          m10: 2393290.6666666665
          m01: 2573671.6666666665
          m20: 1050169361.25
          m11: 1126718209.2083333
          m02: 1214101784.9166667
          Kxx: 0.01511845152100936
          Kxy: -0.00022977461744484672
          Kyy: 0.0083570638016729291
          n: 239
        - x: 546.59352934015089
          y: 470.6163866569272
          m00: 5476
          m10: 2993146.1666666665
          m01: 2577095.3333333335
          m20: 1638425585.1666667
          m11: 1408611793.1666667
          m02: 1215206202.6666667
          Kxx: 0.015565367831881659
          Kxy: -0.00025779319535686591
          Kyy: 0.008220658800350545
          n: 244
        - x: 655.57860459318806
          y: 471.18422610700821
          m00: 5348.5
          m10: 3506362.1666666665
          m01: 2520128.8333333335
          m20: 2300976920.4166665
          m11: 1652194549.125
          m02: 1189719220.75
          Kxx: 0.016320280929329394
          Kxy: 0.00016585191707641606
          Kyy: 0.008983761261586197
          n: 239
        - x: 329.01395391535851
          y: 581.32087885186206
          m00: 5446.5
          m10: 1791974.5
          m01: 3166164.1666666665
          m20: 591828683.08333337
          m11: 1041691407.7083334
          m02: 1843041497.4166667
          Kxx: 0.015241088824850542
          Kxy: -8.1668182829555509e-05
          Kyy: 0.0090111181940746334
          n: 235
        - x: 436.58777503235677
          y: 580.98211554300508
          m00: 5666
          m10: 2473706.3333333335
          m01: 3291844.6666666665
          m20: 1082482214
          m11: 1437168850.6666667
          m02: 1915123290
          Kxx: 0.015253279494545639
          Kxy: 4.7773147697613632e-05
          Kyy: 0.0080956335174421964
          n: 246
        - x: 546.85429071803856
          y: 580.43698190309397
          m00: 5710
          m10: 3122538
          m01: 3314295.1666666665
          m20: 1710155213
          m11: 1812448366.3333333
          m02: 1926347904.1666667
          Kxx: 0.015332169783600491
          Kxy: 3.0639827525095536e-05
          Kyy: 0.0091837686716351903
          n: 246
        - x: 657.00607857228408
          y: 579.94613127320633
          m00: 5566
          m10: 3656895.8333333335
          m01: 3227980.1666666665
          m20: 2405044836.1666665
          m11: 2120830302.9166667
          m02: 1874545002.1666667
          Kxx: 0.016661324270360583
          Kxy: 0.00044535030925353495
          Kyy: 0.00973903148295421
          n: 244
  - data:
      timestamp_sec: 1755115469.2359569
      timestamp_nanosec: 1755115469235956649
      detection_cycle: 0
      se3: "3.056127\t-0.012955\t0.191403\t-0.344520\t0.098714\t0.810899"
      rep_error: 0.047447395570178907
      cal_qual: 0.48764183358810581
      se3_cov:
        - [3.89557e-06, 3.87782e-07, 5.71742e-08, 6.60999e-08, -2.56617e-07, 1.01422e-06]
        - [3.87782e-07, 1.71469e-07, -5.83027e-07, 8.42165e-09, -2.56785e-08, 2.18366e-07]
        - [5.71742e-08, -5.83027e-07, 7.75107e-06, -4.23607e-07, 3.29189e-07, -2.11865e-06]
        - [6.60999e-08, 8.42165e-09, -4.23607e-07, 4.55353e-07, 1.95883e-08, 1.08626e-07]
        - [-2.56617e-07, -2.56785e-08, 3.29189e-07, 1.95883e-08, 9.48637e-07, -3.44463e-06]
        - [1.01422e-06, 2.18366e-07, -2.11865e-06, 1.08626e-07, -3.44463e-06, 2.00153e-05]
      target:
        - x: 401.56427632244362
          y: 366.48673342099056
          m00: 4943.5
          m10: 1985133
          m01: 1811727.1666666667
          m20: 799118197.75
          m11: 727376958.79166663
          m02: 665915508.58333337
          Kxx: 0.012893618945095853
          Kxy: -0.00054973778927443814
          Kyy: 0.0069955035331764311
          n: 225
        - x: 507.06721109598806
          y: 364.94037202670296
          m00: 5143
          m10: 2607846.6666666665
          m01: 1876888.3333333333
          m20: 1324526076.5
          m11: 951624709.25
          m02: 686995326.5
          Kxx: 0.013212719412802363
          Kxy: -0.00028930524783462154
          Kyy: 0.0066644872250646824
          n: 230
        - x: 614.49208799691235
          y: 364.93786182940948
          m00: 5182
          m10: 3184298
          m01: 1891108
          m20: 1958948728.3333333
          m11: 1162073289.1666667
          m02: 692191768.33333337
          Kxx: 0.01352143915537537
          Kxy: -7.2741887944353692e-05
          Kyy: 0.0067391977808509756
          n: 230
        - x: 721.35801123224314
          y: 366.60039643211098
          m00: 5045
          m10: 3639251.1666666665
          m01: 1849499
          m20: 2627300442.3333335
          m11: 1334233990.8333333
          m02: 679986773.5
          Kxx: 0.014297259212373153
          Kxy: 0.00027831102244429734
          Kyy: 0.0073517724579498407
          n: 228
        - x: 397.27591736628619
          y: 471.80602458887529
          m00: 5300.5
          m10: 2105761
          m01: 2500807.8333333335
          m20: 838757094.25
          m11: 993412868.45833337
          m02: 1182184836.75
          Kxx: 0.013334522305933155
          Kxy: -0.00042126409564714371
          Kyy: 0.0076677117957749865
          n: 233
        - x: 504.61508405270331
          y: 470.81447826745415
          m00: 5502.5
          m10: 2776644.5
          m01: 2590656.6666666665
          m20: 1403544690.75
          m11: 1307231045.2083333
          m02: 1222131295.5833333
          Kxx: 0.013136394716703109
          Kxy: -0.00031874511155703347
          Kyy: 0.0072901650643321372
          n: 237
        - x: 614.15535649656169
          y: 470.60450597176981
          m00: 5526
          m10: 3393822.5
          m01: 2600560.5
          m20: 2086790286.5
          m11: 1597156999.8333333
          m02: 1226240424.5
          Kxx: 0.013523765166420128
          Kxy: 4.9179650540846064e-05
          Kyy: 0.0073979166881387223
          n: 238
        - x: 723.17603518226019
          y: 471.24255938554927
          m00: 5381.5
          m10: 3891771.8333333335
          m01: 2535991.8333333335
          m20: 2816750047.9166665
          m11: 1834027908.9583333
          m02: 1197364861.9166667
          Kxx: 0.014279346569876172
          Kxy: 0.00017814207713608477
          Kyy: 0.0081096250625830764
          n: 235
        - x: 395.24019071914478
          y: 581.13717808551996
          m00: 5488
          m10: 2169078.1666666665
          m01: 3189280.8333333335
          m20: 859613250.83333337
          m11: 1260509754.6666667
          m02: 1855901232.8333333
          Kxx: 0.012653065137584116
          Kxy: -1.206849674331734e-05
          Kyy: 0.0082448989369508542
          n: 238
        - x: 503.93637210385373
          y: 580.84550005821404
          m00: 5726
          m10: 2885539.6666666665
          m01: 3325921.3333333335
          m20: 1456703888.6666667
          m11: 1676045264.1666667
          m02: 1934490288.3333333
          Kxx: 0.013659555797441533
          Kxy: 8.180585407382876e-06
          Kyy: 0.0073311036878406502
          n: 242
        - x: 614.60814873186825
          y: 580.44216793625776
          m00: 5710.5
          m10: 3509719.8333333335
          m01: 3314615
          m20: 2159677619.75
          m11: 2037196586.2083333
          m02: 1926558322.5833333
          Kxx: 0.01329156884054661
          Kxy: 0.00027715432361890457
          Kyy: 0.0079255904911254924
          n: 247
        - x: 724.78727991376218
          y: 579.91489998802251
          m00: 5566
          m10: 4034166
          m01: 3227806.3333333335
          m20: 2926348313
          m11: 2339497759.4166665
          m02: 1874349100.6666667
          Kxx: 0.014558721113848344
          Kxy: 0.00014375498547109118
          Kyy: 0.0085036427455609711
          n: 240
  - data:
      timestamp_sec: 1755115469.4360046
      timestamp_nanosec: 1755115469436004701
      detection_cycle: 0
      se3: "3.060731\t-0.007442\t0.081090\t-0.274099\t0.098450\t0.833372"
      rep_error: 0.061379741298771849
      cal_qual: 0.48540791581551535
      se3_cov:
        - [4.42911e-06, 1.79052e-07, 1.57204e-07, 3.40865e-08, -1.76808e-07, 1.07677e-06]
        - [1.79052e-07, 1.55788e-07, -6.49778e-07, 9.03811e-09, -1.99012e-08, 1.45221e-07]
        - [1.57204e-07, -6.49778e-07, 7.50904e-06, -5.19833e-07, 1.8558e-07, -1.42772e-06]
        - [3.40865e-08, 9.03811e-09, -5.19833e-07, 4.74602e-07, 8.21675e-09, 1.16468e-07]
        - [-1.76808e-07, -1.99012e-08, 1.8558e-07, 8.21675e-09, 9.56075e-07, -3.39921e-06]
        - [1.07677e-06, 1.45221e-07, -1.42772e-06, 1.16468e-07, -3.39921e-06, 1.98628e-05]
      target:
        - x: 489.17911293278684
          y: 366.73644573294678
          m00: 5001.5
          m10: 2446629.3333333335
          m01: 1834232.3333333333
          m20: 1198876803.4166667
          m11: 897141089.29166663
          m02: 674633788.08333337
          Kxx: 0.014831543131497585
          Kxy: -0.00058365260867042845
          Kyy: 0.0078242146805325673
          n: 227
        - x: 595.43326250724363
          y: 365.13588951129998
          m00: 5177
          m10: 3082558
          m01: 1890308.5
          m20: 1837681826.8333333
          m11: 1125490864.9166667
          m02: 692266796.66666663
          Kxx: 0.015204665677606496
          Kxy: -0.00017239451149862325
          Kyy: 0.0073662731916972297
          n: 230
        - x: 703.1933985093408
          y: 364.98067305520601
          m00: 5165.5
          m10: 3632345.5
          m01: 1885307.6666666667
          m20: 2556455522.25
          m11: 1325764064.7083333
          m02: 690138090.41666663
          Kxx: 0.014933413973257054
          Kxy: -2.9868970598400343e-05
          Kyy: 0.0073710037888620643
          n: 233
        - x: 809.90197847737443
          y: 366.50558117772874
          m00: 4987
          m10: 4038981.1666666665
          m01: 1827763.3333333333
          m20: 3273210019.3333335
          m11: 1480415104.25
          m02: 671820197.83333337
          Kxx: 0.01527978078174151
          Kxy: 0.00016394358478431098
          Kyy: 0.0077041609417673922
          n: 230
        - x: 485.74727198824377
          y: 471.86986836757029
          m00: 5330.5
          m10: 2589275.8333333335
          m01: 2515302.3333333335
          m20: 1259971737.75
          m11: 1221714484.7083333
          m02: 1189183911.9166667
          Kxx: 0.014939853059639576
          Kxy: -0.00036383326076979382
          Kyy: 0.0081937432374385305
          n: 235
        - x: 594.0442637759711
          y: 470.84697380307136
          m00: 5535
          m10: 3288035
          m01: 2606138
          m20: 1955699127.5
          m11: 1548128825.25
          m02: 1229508498.1666667
          Kxx: 0.014457349001594009
          Kxy: -0.00013041730320214879
          Kyy: 0.0078060195161380585
          n: 238
        - x: 703.86108600012051
          y: 470.62321460856987
          m00: 5531
          m10: 3893055.6666666665
          m01: 2603017
          m20: 2742634716.5
          m11: 1832180246.5
          m02: 1227445882.5
          Kxx: 0.014898806756653955
          Kxy: 2.6717120662720591e-05
          Kyy: 0.0077799499168459468
          n: 238
        - x: 812.5731372181624
          y: 471.16572981075512
          m00: 5337
          m10: 4336702.833333333
          m01: 2514611.5
          m20: 3526159070.6666665
          m11: 2043372313.1666667
          m02: 1187064252.3333333
          Kxx: 0.015391960990659438
          Kxy: 0.00013819974791961148
          Kyy: 0.0088779090380034474
          n: 238
        - x: 483.9610463891147
          y: 580.8353653029892
          m00: 5536.5
          m10: 2679450.3333333335
          m01: 3215795
          m20: 1299122268.25
          m11: 1556299180.9583333
          m02: 1870356099.9166667
          Kxx: 0.014467704358374177
          Kxy: 0.00012224993874265363
          Kyy: 0.0083783880008623038
          n: 239
        - x: 593.51184875413833
          y: 580.65075216355922
          m00: 5739
          m10: 3406164.5
          m01: 3332354.6666666665
          m20: 2024210793
          m11: 1977779904.6666667
          m02: 1937565171.1666667
          Kxx: 0.015215246946829514
          Kxy: 0.00019011764805611974
          Kyy: 0.0084107709341779222
          n: 244
        - x: 704.72496445256957
          y: 580.38646585995764
          m00: 5743.5
          m10: 4047587.8333333335
          m01: 3333449.6666666665
          m20: 2855060878.25
          m11: 2349178171.875
          m02: 1937315298.0833333
          Kxx: 0.015345034031355523
          Kxy: 0.00022968432635253757
          Kyy: 0.0086082354764758402
          n: 243
        - x: 814.63016001681217
          y: 579.92110240475552
          m00: 5551.5
          m10: 4522419.333333333
          m01: 3219432
          m20: 3686519344.0833335
          m11: 2622672065.5416665
          m02: 1869503204.4166667
          Kxx: 0.015230403858651372
          Kxy: 0.00050687162125210585
          Kyy: 0.0096149611205208173
          n: 243
  - data:
      timestamp_sec: 1755115469.6026921
      timestamp_nanosec: 1755115469602692189
      detection_cycle: 0
      se3: "3.058591\t-0.002517\t-0.015088\t-0.213830\t0.098305\t0.847510"
      rep_error: 0.090603227529654898
      cal_qual: 0.4791071375853575
      se3_cov:
        - [4.42141e-06, -3.00647e-08, -6.58305e-08, 7.65662e-09, -1.63662e-07, 1.08952e-06]
        - [-3.00647e-08, 1.49045e-07, -6.50402e-07, 1.62281e-08, -1.948e-08, 7.41874e-08]
        - [-6.58305e-08, -6.50402e-07, 7.27017e-06, -6.1278e-07, 3.48286e-08, -9.68482e-07]
        - [7.65662e-09, 1.62281e-08, -6.1278e-07, 4.85111e-07, 2.74757e-09, 1.1377e-07]
        - [-1.63662e-07, -1.948e-08, 3.48286e-08, 2.74757e-09, 9.58635e-07, -3.36625e-06]
        - [1.08952e-06, 7.41874e-08, -9.68482e-07, 1.1377e-07, -3.36625e-06, 1.96965e-05]
      target:
        - x: 563.17574125781141
          y: 367.00877542879937
          m00: 5014
          m10: 2823763.1666666665
          m01: 1840182
          m20: 1592338646.8333333
          m11: 1036235136.25
          m02: 677308991.33333337
          Kxx: 0.01479512096199107
          Kxy: -0.00053794825872593944
          Kyy: 0.0083114777705967629
          n: 228
        - x: 669.93541023662544
          y: 365.22788065843622
          m00: 5184
          m10: 3472945.1666666665
          m01: 1893341.3333333333
          m20: 2328886623.5
          m11: 1268379917.1666667
          m02: 693546066
          Kxx: 0.014380020446556677
          Kxy: -0.0003348905813866874
          Kyy: 0.0074574835965875988
          n: 230
        - x: 777.83156438955359
          y: 365.02035893477421
          m00: 5182
          m10: 4030723.1666666665
          m01: 1891535.5
          m20: 3137457176.8333335
          m11: 1471344765.5833333
          m02: 692495110.16666663
          Kxx: 0.015288189197738491
          Kxy: 0.00013525084583506655
          Kyy: 0.0077972780026274949
          n: 230
        - x: 884.37826072508562
          y: 366.3813511447845
          m00: 5015.5
          m10: 4435599.166666667
          m01: 1837585.6666666667
          m20: 3924807903.25
          m11: 1625245046.7916667
          m02: 675209908.75
          Kxx: 0.016322601003070793
          Kxy: 0.00044114968108447029
          Kyy: 0.007546169705022701
          n: 227
        - x: 560.59229189996267
          y: 471.9577267637178
          m00: 5358
          m10: 3003653.5
          m01: 2528749.5
          m20: 1686108338.5
          m11: 1417519594
          m02: 1195751893.1666667
          Kxx: 0.014597800509317204
          Kxy: -0.00027183762728490466
          Kyy: 0.0082130100799562133
          n: 234
        - x: 669.44787540511345
          y: 470.91669667506903
          m00: 5554
          m10: 3718113.5
          m01: 2615471.3333333335
          m20: 2491573159.5
          m11: 1750898187.0833333
          m02: 1234090038.3333333
          Kxx: 0.015071956392292312
