Es Block 0 (rot & trans):
 1.34786e-06 -5.55671e-08 -5.08095e-09 -6.03392e-09 -1.68221e-07  2.66066e-07
-5.55671e-08  3.63544e-08 -7.79593e-08  2.00948e-08 -2.60432e-09  4.53375e-10
-5.08095e-09 -7.79593e-08  2.63308e-06   -4.574e-07  3.45513e-08 -3.43477e-07
-6.03392e-09  2.00948e-08   -4.574e-07  2.40824e-07 -7.42693e-09  4.19984e-08
-1.68221e-07 -2.60432e-09  3.45513e-08 -7.42693e-09  1.87279e-07 -6.13623e-08
 2.66066e-07  4.53375e-10 -3.43477e-07  4.19984e-08 -6.13623e-08  3.03439e-07

Es Block 1 (rot & trans):
  4.9051e-07 -7.96576e-08 -1.91745e-07 -1.11274e-07 -8.68896e-08 -7.82112e-09
-7.96576e-08  1.25969e-07  4.71889e-08  4.02332e-08 -6.85154e-08  1.57471e-08
-1.91745e-07  4.71889e-08   9.3603e-07  1.70139e-07 -7.89599e-08  2.86297e-07
-1.11274e-07  4.02332e-08  1.70139e-07  1.55672e-07 -1.53134e-09  4.00181e-08
-8.68896e-08 -6.85154e-08 -7.89599e-08 -1.53134e-09  1.11862e-07 -4.57394e-08
-7.82112e-09  1.57471e-08  2.86297e-07  4.00181e-08 -4.57394e-08  2.59051e-07

Es Block 2 (rot & trans):
 5.47853e-07  5.00592e-09  3.21255e-07 -2.44627e-07 -1.86273e-07  1.99722e-07
 5.00592e-09  2.34347e-07 -1.10773e-07  4.07414e-08 -2.10715e-07 -1.22475e-08
 3.21255e-07 -1.10773e-07  8.51614e-07 -4.43729e-07  1.05827e-07  1.83034e-07
-2.44627e-07  4.07414e-08 -4.43729e-07  3.76922e-07 -9.39797e-09 -9.20544e-08
-1.86273e-07 -2.10715e-07  1.05827e-07 -9.39797e-09   3.0063e-07 -5.16845e-08
 1.99722e-07 -1.22475e-08  1.83034e-07 -9.20544e-08 -5.16845e-08  2.77472e-07

Es Block 3 (rot & trans):
  3.6484e-07 -3.30246e-09  1.87454e-09 -4.62624e-09 -1.55541e-07  1.23109e-07
-3.30246e-09  1.08087e-07 -2.24309e-07  1.10723e-07 -8.35495e-09  2.82522e-08
 1.87454e-09 -2.24309e-07  6.68268e-07 -2.53622e-07  6.99793e-09 -9.17802e-08
-4.62624e-09  1.10723e-07 -2.53622e-07  1.44021e-07 -4.83114e-09  3.23959e-08
-1.55541e-07 -8.35495e-09  6.99793e-09 -4.83114e-09  1.12558e-07 -4.72678e-08
 1.23109e-07  2.82522e-08 -9.17802e-08  3.23959e-08 -4.72678e-08  2.02041e-07

Es Block 4 (rot & trans):
 6.04489e-07 -1.28304e-08  4.73753e-08  2.68807e-08  -2.5428e-07  2.54452e-08
-1.28304e-08   8.4582e-08  8.01534e-08  1.24965e-07  4.37885e-08  1.83848e-08
 4.73753e-08  8.01534e-08  1.06682e-06  4.31621e-07 -4.94342e-08  6.71932e-08
 2.68807e-08  1.24965e-07  4.31621e-07  3.58714e-07 -1.35012e-08  3.80726e-08
 -2.5428e-07  4.37885e-08 -4.94342e-08 -1.35012e-08   2.7625e-07 -7.50263e-09
 2.54452e-08  1.83848e-08  6.71932e-08  3.80726e-08 -7.50263e-09  2.30982e-07

Es Block 5 (rot & trans):
  5.6245e-07  2.18115e-07 -2.77741e-07 -1.33085e-07 -1.72018e-07 -2.96572e-08
 2.18115e-07  2.08743e-07  7.18398e-09  5.08378e-10 -1.20639e-07 -1.93055e-08
-2.77741e-07  7.18398e-09    1.242e-06  3.79695e-07  -9.0049e-08  1.49175e-07
-1.33085e-07  5.08378e-10  3.79695e-07  1.67553e-07 -6.84109e-09  1.50526e-08
-1.72018e-07 -1.20639e-07  -9.0049e-08 -6.84109e-09  1.34104e-07 -4.04232e-08
-2.96572e-08 -1.93055e-08  1.49175e-07  1.50526e-08 -4.04232e-08  2.51914e-07

Es Block 6 (rot & trans):
 4.57022e-07 -8.43793e-09 -1.48775e-07 -9.96909e-08 -1.49118e-07 -7.15704e-08
-8.43793e-09  1.35916e-07  1.23661e-07  1.14902e-07 -7.69328e-08  3.60822e-08
-1.48775e-07  1.23661e-07  6.85356e-07  2.44151e-07 -7.87556e-08   2.3525e-07
-9.96909e-08  1.14902e-07  2.44151e-07  2.15876e-07 -2.07358e-10  7.18803e-08
-1.49118e-07 -7.69328e-08 -7.87556e-08 -2.07358e-10  1.71373e-07  -2.9608e-08
-7.15704e-08  3.60822e-08   2.3525e-07  7.18803e-08  -2.9608e-08  2.78875e-07

Es Block 7 (rot & trans):
 4.53834e-07  5.11932e-09   1.8114e-07   2.0711e-07 -2.33815e-07 -1.07168e-07
 5.11932e-09  1.83084e-07  1.28869e-07  1.58483e-07  1.46432e-07 -3.07115e-08
  1.8114e-07  1.28869e-07  5.77898e-07   3.8037e-07  5.32832e-08  -1.6445e-07
  2.0711e-07  1.58483e-07   3.8037e-07  4.02429e-07 -1.07424e-08 -1.07958e-07
-2.33815e-07  1.46432e-07  5.32832e-08 -1.07424e-08  3.09318e-07  6.85586e-09
-1.07168e-07 -3.07115e-08  -1.6445e-07 -1.07958e-07  6.85586e-09  2.56252e-07

Es Block 8 (rot & trans):
 5.54553e-07 -6.94128e-08  2.10185e-07 -1.25186e-07 -1.50607e-07  1.96439e-07
-6.94128e-08   1.0914e-07 -1.84952e-07  1.18403e-07 -7.13265e-08 -3.25897e-08
 2.10185e-07 -1.84952e-07  9.54854e-07 -3.56289e-07  7.58094e-08  3.23247e-08
-1.25186e-07  1.18403e-07 -3.56289e-07  2.54888e-07 -2.16098e-08 -3.81667e-08
-1.50607e-07 -7.13265e-08  7.58094e-08 -2.16098e-08  2.06354e-07 -6.16898e-08
 1.96439e-07 -3.25897e-08  3.23247e-08 -3.81667e-08 -6.16898e-08  2.94129e-07

Es Block 9 (rot & trans):
 4.19188e-07  5.23628e-08  -1.6399e-07   5.8242e-08 -1.13261e-07  1.98798e-07
 5.23628e-08  9.40628e-08 -1.96231e-07  6.79332e-08  3.04471e-08  7.15474e-08
 -1.6399e-07 -1.96231e-07  7.23124e-07  -1.7151e-07 -5.69508e-08 -2.22761e-07
  5.8242e-08  6.79332e-08  -1.7151e-07  9.74113e-08 -1.15493e-09  3.95437e-08
-1.13261e-07  3.04471e-08 -5.69508e-08 -1.15493e-09  9.53683e-08 -2.72446e-08
 1.98798e-07  7.15474e-08 -2.22761e-07  3.95437e-08 -2.72446e-08  2.74061e-07

Es Block 10 (rot & trans):
 4.21022e-07  1.08422e-08  1.36247e-08 -8.16409e-09 -1.41855e-07  6.14447e-08
 1.08422e-08   1.4531e-08 -3.82399e-08  6.69481e-09 -1.46888e-08  9.82102e-09
 1.36247e-08 -3.82399e-08  1.33248e-06  -3.4009e-07  2.73916e-08 -1.82699e-07
-8.16409e-09  6.69481e-09  -3.4009e-07  1.05266e-07 -3.99174e-09  4.20328e-08
-1.41855e-07 -1.46888e-08  2.73916e-08 -3.99174e-09  8.26161e-08 -3.54328e-08
 6.14447e-08  9.82102e-09 -1.82699e-07  4.20328e-08 -3.54328e-08  1.19209e-07

Es Block 11 (rot & trans):
 5.43266e-07   1.4734e-08 -2.28383e-07  6.94187e-08 -1.31601e-07  1.93124e-07
  1.4734e-08  8.27384e-08 -1.61443e-07  4.69964e-08  5.38038e-08  3.56933e-08
-2.28383e-07 -1.61443e-07  1.01498e-06 -2.31113e-07 -3.75526e-08 -2.54439e-07
 6.94187e-08  4.69964e-08 -2.31113e-07  1.36962e-07 -5.52654e-09   3.8958e-08
-1.31601e-07  5.38038e-08 -3.75526e-08 -5.52654e-09   1.1645e-07 -3.45439e-08
 1.93124e-07  3.56933e-08 -2.54439e-07   3.8958e-08 -3.45439e-08   2.6966e-07

Es Block 12 (rot & trans):
 4.85823e-07  2.77563e-08  2.07014e-07 -1.08126e-07 -1.86588e-07  8.42367e-08
 2.77563e-08  1.04874e-07 -1.88779e-07   9.8692e-08 -9.69571e-08  1.12675e-08
 2.07014e-07 -1.88779e-07  9.96224e-07 -4.25578e-07  3.85995e-08  3.84122e-09
-1.08126e-07   9.8692e-08 -4.25578e-07  2.52313e-07 -1.29788e-08  5.79932e-09
-1.86588e-07 -9.69571e-08  3.85995e-08 -1.29788e-08  1.90689e-07 -4.24267e-08
 8.42367e-08  1.12675e-08  3.84122e-09  5.79932e-09 -4.24267e-08  1.78888e-07

Es Block 13 (rot & trans):
 4.11953e-07  2.44637e-08 -1.67829e-07 -1.09059e-07 -1.47397e-07 -8.44089e-08
 2.44637e-08  1.58206e-07  1.61984e-07   1.0454e-07 -9.43748e-08  4.72674e-08
-1.67829e-07  1.61984e-07   6.3503e-07  2.49215e-07 -6.70574e-08  2.24219e-07
-1.09059e-07   1.0454e-07  2.49215e-07  1.80417e-07 -2.80798e-10  6.39488e-08
-1.47397e-07 -9.43748e-08 -6.70574e-08 -2.80798e-10  1.44341e-07 -3.47058e-08
-8.44089e-08  4.72674e-08  2.24219e-07  6.39488e-08 -3.47058e-08   2.4443e-07

Es Block 14 (rot & trans):
 6.48373e-07 -6.35325e-08  3.73485e-07 -2.42318e-07 -1.83338e-07  1.40339e-07
-6.35325e-08  1.77843e-07 -2.29723e-07  6.99237e-08 -1.50584e-07 -4.94437e-08
 3.73485e-07 -2.29723e-07  1.21822e-06 -4.89961e-07  1.48867e-07  1.55436e-07
-2.42318e-07  6.99237e-08 -4.89961e-07  3.28886e-07 -1.29509e-08 -4.92405e-08
-1.83338e-07 -1.50584e-07  1.48867e-07 -1.29509e-08  2.62121e-07 -2.01283e-08
 1.40339e-07 -4.94437e-08  1.55436e-07 -4.92405e-08 -2.01283e-08  2.34539e-07

