camera:
  img_dir: "examples/data/image/cam0/"
  n_d: 3
  mode: 0
  n_x: 4
  n_y: 3
  width: 1440
  height: 1080
  radius: 0.035
  distance: 0.09

intrinsic_calibration:
  fx: 1057.62
  fy: 1057.85
  cx: 711.025
  cy: 570.29
  skew: 0.861971
  d1: -0.367229
  d2: 0.200333
  d3: -0.0686993
  d4: 0
  sfx: 0.645316
  sfy: 0.670673
  scx: 0.740986
  scy: 0.650161
  sskew: 0.0978136
  sd1: 0.00106092
  sd2: 0.00312128
  sd3: 0.00273991
  sd4: 0
  reprojection_error: 0.0658183
